// General information: 
//  MT Manager version: 2019.2.0 
//  XDA version: 2019.2.0 build 3853 rev 94535 built on 2019-09-09
// Device information: 
//  DeviceId: 00B44112
//  ProductCode: MTW2-3A7G6
//  Firmware Version: 4.3.5
//  Hardware Version: 1.1.0
// Device settings: 
//  Filter Profile: human(46.1)
//  Option Flags: Orientation Smoother Disabled, AHS Disabled, ICC Disabled
// Coordinate system: ENU
PacketCounter	Acc_X	Acc_Y	Acc_Z	Gyr_X	Gyr_Y	Gyr_Z	Mat[1][1]	Mat[2][1]	Mat[3][1]	Mat[1][2]	Mat[2][2]	Mat[3][2]	Mat[1][3]	Mat[2][3]	Mat[3][3]
58398	9.338628	-0.673622	3.132777	-0.000436	0.002604	0.004601	0.254070	0.202814	0.945682	-0.449313	0.890605	-0.070288	-0.856485	-0.407049	0.317403
58399	9.336664	-0.685496	3.111534	0.001564	0.001349	0.002880	0.254078	0.202809	0.945681	-0.449327	0.890599	-0.070274	-0.856475	-0.407065	0.317409
58400	9.287713	-0.689793	3.145981	-0.002567	0.003048	0.003100	0.254102	0.202812	0.945674	-0.449308	0.890609	-0.070273	-0.856478	-0.407043	0.317430
58401	9.336298	-0.728165	3.106671	0.000831	-0.000172	0.005061	0.254088	0.202819	0.945676	-0.449325	0.890600	-0.070280	-0.856473	-0.407058	0.317422
58402	9.338304	-0.675215	3.133400	-0.001801	0.002471	0.006551	0.254091	0.202850	0.945669	-0.449321	0.890599	-0.070310	-0.856474	-0.407044	0.317438
58403	9.320011	-0.702561	3.121720	-0.002798	-0.000671	0.002290	0.254085	0.202831	0.945675	-0.449299	0.890611	-0.070303	-0.856488	-0.407028	0.317422
58404	9.354568	-0.660602	3.123843	0.002996	0.001887	0.002540	0.254101	0.202824	0.945672	-0.449326	0.890599	-0.070279	-0.856469	-0.407057	0.317436
58405	9.319920	-0.703041	3.121884	-0.001300	0.000273	0.003561	0.254102	0.202820	0.945672	-0.449318	0.890603	-0.070278	-0.856473	-0.407050	0.317434
58406	9.358007	-0.680154	3.161685	0.000198	0.001216	0.004831	0.254102	0.202831	0.945670	-0.449327	0.890598	-0.070284	-0.856468	-0.407056	0.317440
58407	9.319814	-0.703857	3.122015	-0.001300	0.000273	0.003560	0.254098	0.202827	0.945672	-0.449320	0.890602	-0.070285	-0.856473	-0.407050	0.317434
58408	9.336153	-0.688838	3.112330	-0.001366	-0.000133	0.001950	0.254100	0.202807	0.945676	-0.449309	0.890609	-0.070270	-0.856478	-0.407045	0.317426
58409	9.337989	-0.677782	3.133784	0.000963	0.000638	0.008281	0.254083	0.202845	0.945672	-0.449334	0.890593	-0.070304	-0.856470	-0.407060	0.317430
58410	9.336060	-0.689767	3.112404	0.000066	0.000405	0.001610	0.254090	0.202824	0.945675	-0.449334	0.890595	-0.070281	-0.856468	-0.407066	0.317428
58411	9.321530	-0.693840	3.143595	0.000198	0.001216	0.004830	0.254090	0.202835	0.945673	-0.449345	0.890589	-0.070287	-0.856462	-0.407074	0.317432
58412	9.319787	-0.663896	3.127505	-0.001867	0.002066	0.004940	0.254097	0.202850	0.945667	-0.449336	0.890592	-0.070302	-0.856465	-0.407059	0.317444
58413	9.335862	-0.690992	3.112726	-0.001300	0.000273	0.003560	0.254092	0.202845	0.945670	-0.449332	0.890594	-0.070301	-0.856468	-0.407057	0.317437
58414	9.353890	-0.706479	3.119172	-0.000034	-0.002504	0.004021	0.254064	0.202834	0.945680	-0.449338	0.890592	-0.070301	-0.856474	-0.407069	0.317408
58415	9.303345	-0.680512	3.137136	0.000264	0.001621	0.006440	0.254060	0.202861	0.945675	-0.449350	0.890583	-0.070323	-0.856468	-0.407073	0.317417
58416	9.371846	-0.722450	3.125720	0.000699	-0.000983	0.001840	0.254054	0.202837	0.945682	-0.449356	0.890582	-0.070300	-0.856467	-0.407088	0.317402
58417	9.301625	-0.650865	3.120936	-0.001168	0.001083	0.006780	0.254045	0.202865	0.945678	-0.449357	0.890580	-0.070331	-0.856470	-0.407079	0.317406
58418	9.335449	-0.734968	3.107620	-0.003330	0.003627	-0.000351	0.254089	0.202840	0.945672	-0.449322	0.890599	-0.070300	-0.856474	-0.407049	0.317432
58419	9.337730	-0.639609	3.139625	0.000066	0.000405	0.001610	0.254098	0.202819	0.945674	-0.449322	0.890602	-0.070277	-0.856472	-0.407055	0.317431
58420	9.318973	-0.750760	3.117510	0.000897	0.000233	0.006670	0.254081	0.202842	0.945673	-0.449342	0.890590	-0.070299	-0.856467	-0.407069	0.317428
58421	9.339521	-0.628849	3.161173	0.001564	0.001348	0.002880	0.254089	0.202837	0.945672	-0.449356	0.890583	-0.070285	-0.856456	-0.407085	0.317434
58422	9.319080	-0.709496	3.122929	-0.001933	0.001661	0.003330	0.254100	0.202836	0.945669	-0.449343	0.890590	-0.070284	-0.856460	-0.407071	0.317442
58423	9.337258	-0.682906	3.134851	0.002997	0.001886	0.002540	0.254118	0.202829	0.945666	-0.449371	0.890578	-0.070260	-0.856440	-0.407101	0.317457
58424	9.337203	-0.683164	3.134958	-0.001300	0.000273	0.003560	0.254116	0.202825	0.945668	-0.449364	0.890582	-0.070259	-0.856444	-0.407095	0.317453
58425	9.336947	-0.725689	3.129677	0.002228	-0.002139	0.008740	0.254073	0.202856	0.945672	-0.449401	0.890560	-0.070294	-0.856438	-0.407127	0.317431
58426	9.335297	-0.695710	3.113368	0.000066	0.000405	0.001610	0.254081	0.202835	0.945675	-0.449401	0.890562	-0.070271	-0.856435	-0.407133	0.317429
58427	9.337147	-0.684508	3.134831	-0.004797	0.000586	0.004009	0.254079	0.202837	0.945675	-0.449365	0.890579	-0.070286	-0.856455	-0.407095	0.317425
58428	9.320729	-0.700260	3.144546	0.002263	0.000365	0.004720	0.254073	0.202843	0.945675	-0.449392	0.890566	-0.070285	-0.856443	-0.407121	0.317424
58429	9.337024	-0.685361	3.135011	-0.000434	0.002604	0.004599	0.254083	0.202857	0.945670	-0.449397	0.890562	-0.070292	-0.856437	-0.407121	0.317440
58430	9.335086	-0.697308	3.113644	-0.000667	-0.001115	0.003790	0.254068	0.202849	0.945675	-0.449396	0.890563	-0.070292	-0.856442	-0.407124	0.317423
58431	9.336666	-0.728144	3.129945	-0.000434	0.002604	0.004599	0.254077	0.202864	0.945670	-0.449400	0.890560	-0.070300	-0.856437	-0.407122	0.317438
58432	9.335229	-0.656122	3.119003	0.000765	-0.000578	0.003450	0.254068	0.202856	0.945674	-0.449410	0.890556	-0.070292	-0.856434	-0.407136	0.317427
58433	9.336825	-0.686772	3.135296	-0.000566	0.001793	0.001380	0.254090	0.202838	0.945672	-0.449403	0.890561	-0.070269	-0.856432	-0.407133	0.317438
58434	9.333240	-0.668177	3.097766	0.000199	0.001215	0.004829	0.254090	0.202849	0.945669	-0.449412	0.890556	-0.070276	-0.856427	-0.407139	0.317444
58435	9.338329	-0.718054	3.151712	-0.000535	-0.000305	0.007009	0.254068	0.202873	0.945670	-0.449421	0.890549	-0.070305	-0.856429	-0.407142	0.317435
58436	9.318660	-0.673020	3.128912	-0.001300	0.000273	0.003559	0.254066	0.202869	0.945672	-0.449414	0.890553	-0.070304	-0.856433	-0.407136	0.317431
58437	9.334751	-0.700096	3.114022	-0.002732	-0.000264	0.003899	0.254057	0.202866	0.945674	-0.449394	0.890562	-0.070313	-0.856446	-0.407117	0.317421
58438	9.338483	-0.677470	3.156924	0.000199	0.001215	0.004829	0.254058	0.202877	0.945672	-0.449403	0.890557	-0.070320	-0.856441	-0.407123	0.317427
58439	9.354498	-0.704542	3.142255	0.000999	0.003141	0.004259	0.254078	0.202891	0.945664	-0.449417	0.890550	-0.070318	-0.856428	-0.407131	0.317452
58440	9.338056	-0.720211	3.152029	-0.000668	-0.001115	0.003789	0.254063	0.202883	0.945669	-0.449416	0.890551	-0.070318	-0.856433	-0.407134	0.317435
58441	9.318381	-0.675059	3.129302	-0.000433	0.002604	0.004599	0.254078	0.202898	0.945662	-0.449418	0.890549	-0.070324	-0.856427	-0.407130	0.317455
58442	9.316377	-0.687186	3.108084	0.000332	0.002025	0.008049	0.254071	0.202941	0.945655	-0.449437	0.890537	-0.070361	-0.856420	-0.407135	0.317468
58443	9.336210	-0.691305	3.136130	-0.002799	-0.000669	0.002289	0.254067	0.202920	0.945660	-0.449416	0.890548	-0.070351	-0.856432	-0.407121	0.317454
58444	9.316268	-0.688113	3.108204	0.001698	0.002157	0.006099	0.254070	0.202946	0.945654	-0.449441	0.890534	-0.070365	-0.856418	-0.407138	0.317470
58445	9.352166	-0.718790	3.121528	-0.000499	0.002198	0.002989	0.254083	0.202945	0.945651	-0.449442	0.890534	-0.070357	-0.856413	-0.407139	0.317482
58446	9.319877	-0.665855	3.151407	-0.001233	0.000678	0.005169	0.254077	0.202956	0.945650	-0.449440	0.890534	-0.070372	-0.856416	-0.407133	0.317481
58447	9.337527	-0.723403	3.152863	-0.001932	0.001662	0.003329	0.254088	0.202957	0.945647	-0.449425	0.890542	-0.070373	-0.856421	-0.407116	0.317490
58448	9.335869	-0.693233	3.136720	0.000066	0.000405	0.001610	0.254096	0.202936	0.945649	-0.449424	0.890544	-0.070350	-0.856419	-0.407122	0.317488
58449	9.354099	-0.666853	3.148532	0.000964	0.000636	0.008278	0.254077	0.202975	0.945646	-0.449447	0.890529	-0.070387	-0.856412	-0.407134	0.317490
58450	9.335784	-0.694237	3.136751	-0.000668	-0.001116	0.003789	0.254062	0.202967	0.945652	-0.449447	0.890530	-0.070387	-0.856417	-0.407137	0.317473
58451	9.317742	-0.679393	3.130268	0.000934	0.002735	0.002649	0.254085	0.202965	0.945646	-0.449457	0.890526	-0.070371	-0.856405	-0.407147	0.317493
58452	9.319283	-0.710156	3.146611	-0.002732	-0.000264	0.003898	0.254077	0.202962	0.945649	-0.449438	0.890535	-0.070378	-0.856417	-0.407129	0.317483
58453	9.335629	-0.695314	3.136972	0.000199	0.001215	0.004829	0.254077	0.202972	0.945646	-0.449450	0.890529	-0.070383	-0.856411	-0.407138	0.317489
58454	9.350053	-0.692117	3.105967	-0.001167	0.001083	0.006778	0.254068	0.203000	0.945643	-0.449452	0.890525	-0.070412	-0.856413	-0.407132	0.317492
58455	9.320988	-0.700108	3.168269	0.000133	0.000810	0.003219	0.254072	0.202995	0.945643	-0.449455	0.890524	-0.070404	-0.856409	-0.407137	0.317495
58456	9.333533	-0.708221	3.115835	-0.001931	0.001662	0.003328	0.254083	0.202994	0.945640	-0.449443	0.890531	-0.070404	-0.856413	-0.407122	0.317503
58457	9.351768	-0.681774	3.127676	-0.001300	0.000273	0.003559	0.254082	0.202989	0.945641	-0.449436	0.890534	-0.070402	-0.856417	-0.407117	0.317500
58458	9.317373	-0.682324	3.130730	0.001463	-0.001563	0.005289	0.254057	0.202993	0.945647	-0.449457	0.890523	-0.070410	-0.856413	-0.407140	0.317480
58459	9.333766	-0.667374	3.120995	0.002197	-0.000043	0.003110	0.254052	0.202983	0.945651	-0.449480	0.890512	-0.070394	-0.856403	-0.407167	0.317473
58460	9.317310	-0.683028	3.130763	-0.001864	0.002067	0.004938	0.254059	0.202999	0.945646	-0.449472	0.890516	-0.070408	-0.856405	-0.407153	0.317486
58461	9.333357	-0.710155	3.115923	-0.000668	-0.001116	0.003789	0.254045	0.202991	0.945651	-0.449470	0.890517	-0.070408	-0.856410	-0.407155	0.317470
58462	9.335548	-0.657032	3.142515	-0.001300	0.000273	0.003558	0.254043	0.202987	0.945652	-0.449463	0.890520	-0.070407	-0.856414	-0.407149	0.317465
58463	9.334925	-0.741372	3.132031	-0.002101	-0.001652	0.004128	0.254022	0.202980	0.945660	-0.449451	0.890526	-0.070415	-0.856427	-0.407140	0.317442
58464	9.333646	-0.669425	3.120915	0.000831	-0.000174	0.005058	0.254009	0.202987	0.945661	-0.449466	0.890517	-0.070422	-0.856423	-0.407155	0.317435
58465	9.355107	-0.703738	3.165104	-0.001433	-0.000536	0.000340	0.254013	0.202951	0.945668	-0.449451	0.890527	-0.070391	-0.856429	-0.407151	0.317422
58466	9.319125	-0.673809	3.151942	-0.000535	-0.000306	0.007007	0.253991	0.202975	0.945669	-0.449459	0.890521	-0.070421	-0.856432	-0.407153	0.317413
58467	9.333297	-0.712546	3.115558	-0.000668	-0.001116	0.003788	0.253975	0.202967	0.945675	-0.449458	0.890521	-0.070421	-0.856437	-0.407156	0.317396
58468	9.353468	-0.674465	3.148784	-0.000565	0.001794	0.001379	0.253996	0.202950	0.945673	-0.449452	0.890526	-0.070397	-0.856434	-0.407154	0.317406
58469	9.335092	-0.701647	3.137163	-0.003297	0.001530	0.005277	0.253999	0.202965	0.945669	-0.449433	0.890534	-0.070418	-0.856443	-0.407129	0.317414
58470	9.316748	-0.728790	3.125445	0.002131	-0.000448	0.001500	0.254000	0.202940	0.945674	-0.449451	0.890528	-0.070387	-0.856433	-0.407156	0.317406
58471	9.349849	-0.656567	3.111322	-0.001233	0.000678	0.005167	0.253992	0.202951	0.945674	-0.449449	0.890527	-0.070402	-0.856437	-0.407151	0.317403
58472	9.315103	-0.699023	3.109262	0.002197	-0.000043	0.003109	0.253989	0.202942	0.945676	-0.449471	0.890518	-0.070386	-0.856426	-0.407177	0.317399
58473	9.316951	-0.687901	3.130764	-0.003296	0.001531	0.005277	0.253991	0.202958	0.945673	-0.449451	0.890526	-0.070408	-0.856436	-0.407151	0.317405
58474	9.332978	-0.714996	3.115951	0.002197	-0.000043	0.003109	0.253988	0.202949	0.945675	-0.449473	0.890516	-0.070393	-0.856425	-0.407177	0.317400
58475	9.300773	-0.661917	3.145783	-0.001930	0.001662	0.003328	0.253999	0.202948	0.945673	-0.449462	0.890522	-0.070390	-0.856428	-0.407164	0.317409
58476	9.367267	-0.715473	3.112991	0.002197	-0.000043	0.003109	0.253997	0.202938	0.945675	-0.449484	0.890512	-0.070375	-0.856417	-0.407191	0.317404
58477	9.336660	-0.692863	3.158976	0.000831	-0.000175	0.005058	0.253984	0.202945	0.945677	-0.449499	0.890504	-0.070381	-0.856413	-0.407206	0.317397
58478	9.332804	-0.716368	3.116157	0.000200	0.001214	0.004828	0.253984	0.202956	0.945675	-0.449508	0.890499	-0.070388	-0.856408	-0.407211	0.317403
58479	9.349490	-0.659539	3.111773	0.002264	0.000361	0.004718	0.253977	0.202963	0.945675	-0.449534	0.890486	-0.070388	-0.856397	-0.407236	0.317401
58480	9.336479	-0.694160	3.159225	-0.001863	0.002067	0.004937	0.253984	0.202978	0.945670	-0.449526	0.890489	-0.070403	-0.856399	-0.407222	0.317414
58481	9.331043	-0.687268	3.100208	0.000831	-0.000175	0.005058	0.253969	0.202986	0.945673	-0.449541	0.890480	-0.070410	-0.856395	-0.407237	0.317405
58482	9.336346	-0.694938	3.159449	-0.001195	0.003183	0.001149	0.254003	0.202972	0.945666	-0.449529	0.890488	-0.070387	-0.856391	-0.407226	0.317428
58483	9.350804	-0.691457	3.128433	-0.000668	-0.001116	0.003788	0.253986	0.202964	0.945673	-0.449528	0.890489	-0.070388	-0.856397	-0.407229	0.317409
58484	9.351116	-0.649904	3.133642	0.000200	0.001214	0.004827	0.253986	0.202975	0.945670	-0.449537	0.890484	-0.070395	-0.856392	-0.407234	0.317415
58485	9.299590	-0.749574	3.136044	0.000764	-0.000580	0.003448	0.253978	0.202967	0.945674	-0.449547	0.890479	-0.070387	-0.856390	-0.407248	0.317405
58486	9.365570	-0.646873	3.102552	-0.001299	0.000273	0.003558	0.253975	0.202963	0.945676	-0.449540	0.890483	-0.070386	-0.856394	-0.407242	0.317401
58487	9.314383	-0.704540	3.110174	0.000134	0.000809	0.003218	0.253978	0.202958	0.945676	-0.449542	0.890482	-0.070380	-0.856392	-0.407246	0.317401
58488	9.352558	-0.681866	3.149894	0.000096	-0.001696	0.007236	0.253942	0.202979	0.945681	-0.449556	0.890473	-0.070410	-0.856395	-0.407257	0.317379
58489	9.334177	-0.709146	3.138197	-0.004691	0.003500	0.001597	0.253975	0.202970	0.945674	-0.449517	0.890493	-0.070402	-0.856406	-0.407216	0.317401
58490	9.318043	-0.682708	3.153226	0.002197	-0.000044	0.003109	0.253972	0.202961	0.945677	-0.449538	0.890484	-0.070387	-0.856396	-0.407242	0.317396
58491	9.352426	-0.682946	3.150054	0.001462	-0.001565	0.005288	0.253945	0.202965	0.945683	-0.449558	0.890473	-0.070395	-0.856393	-0.407264	0.317376
58492	9.316122	-0.694979	3.131668	-0.001299	0.000273	0.003557	0.253943	0.202961	0.945685	-0.449552	0.890476	-0.070395	-0.856397	-0.407258	0.317371
58493	9.350468	-0.695220	3.128604	0.000134	0.000809	0.003218	0.253947	0.202955	0.945685	-0.449557	0.890474	-0.070386	-0.856393	-0.407265	0.317373
58494	9.316022	-0.695683	3.131810	0.000201	0.001214	0.004827	0.253947	0.202966	0.945683	-0.449566	0.890469	-0.070392	-0.856388	-0.407271	0.317378
58495	9.315978	-0.696165	3.131832	-0.000602	-0.000711	0.005396	0.253930	0.202974	0.945686	-0.449570	0.890466	-0.070406	-0.856391	-0.407274	0.317367
58496	9.350345	-0.696411	3.128706	0.000067	0.000405	0.001609	0.253937	0.202953	0.945688	-0.449570	0.890468	-0.070383	-0.856389	-0.407280	0.317365
58497	9.314400	-0.666400	3.115554	-0.004165	-0.000798	0.004236	0.253921	0.202950	0.945693	-0.449541	0.890481	-0.070399	-0.856409	-0.407252	0.317347
58498	9.351812	-0.727819	3.144945	0.000335	0.002022	0.008045	0.253914	0.202993	0.945686	-0.449560	0.890469	-0.070436	-0.856402	-0.407257	0.317360
58499	9.350566	-0.655865	3.134040	0.000067	0.000404	0.001609	0.253921	0.202972	0.945688	-0.449560	0.890471	-0.070412	-0.856399	-0.407265	0.317357
58500	9.331823	-0.724949	3.117110	-0.001232	0.000678	0.005166	0.253915	0.202984	0.945687	-0.449558	0.890471	-0.070427	-0.856402	-0.407259	0.317357
58501	9.334073	-0.671869	3.143759	0.000764	-0.000580	0.003448	0.253906	0.202975	0.945692	-0.449569	0.890466	-0.070418	-0.856399	-0.407274	0.317345
58502	9.333676	-0.714279	3.138523	-0.002665	0.000143	0.005505	0.253894	0.202987	0.945692	-0.449555	0.890471	-0.070441	-0.856410	-0.407257	0.317339
58503	9.334025	-0.672728	3.143719	-0.001366	-0.000131	0.001948	0.253894	0.202967	0.945697	-0.449546	0.890477	-0.070424	-0.856415	-0.407254	0.317329
58504	9.333635	-0.715027	3.138476	-0.002732	-0.000262	0.003896	0.253885	0.202963	0.945700	-0.449528	0.890485	-0.070432	-0.856427	-0.407237	0.317319
58505	9.333955	-0.673286	3.143807	0.002303	0.002864	0.000700	0.253916	0.202944	0.945696	-0.449547	0.890479	-0.070393	-0.856408	-0.407260	0.317339
58506	9.333898	-0.673393	3.143954	0.002197	-0.000045	0.003109	0.253913	0.202935	0.945699	-0.449569	0.890469	-0.070377	-0.856397	-0.407287	0.317335
58507	9.351768	-0.688869	3.150715	-0.003189	0.004441	0.002866	0.253948	0.202941	0.945688	-0.449544	0.890481	-0.070377	-0.856400	-0.407257	0.317367
58508	9.331815	-0.685545	3.122890	0.000764	-0.000581	0.003448	0.253939	0.202932	0.945692	-0.449555	0.890477	-0.070369	-0.856397	-0.407271	0.317356
58509	9.351662	-0.689651	3.150860	-0.002665	0.000143	0.005505	0.253925	0.202946	0.945693	-0.449539	0.890483	-0.070393	-0.856409	-0.407251	0.317348
58510	9.317230	-0.690169	3.154003	0.000134	0.000809	0.003218	0.253929	0.202941	0.945693	-0.449544	0.890481	-0.070385	-0.856406	-0.407257	0.317349
58511	9.382115	-0.713411	3.105023	-0.001929	0.001663	0.003327	0.253942	0.202941	0.945690	-0.449528	0.890489	-0.070385	-0.856410	-0.407240	0.317360
58512	9.317523	-0.648913	3.159341	-0.000669	-0.001116	0.003787	0.253927	0.202933	0.945695	-0.449527	0.890489	-0.070385	-0.856415	-0.407243	0.317343
58513	9.333133	-0.717731	3.139350	0.000173	0.003314	-0.000799	0.253970	0.202903	0.945690	-0.449520	0.890497	-0.070340	-0.856406	-0.407243	0.317368
58514	9.349890	-0.660549	3.135072	0.000067	0.000404	0.001609	0.253977	0.202882	0.945693	-0.449520	0.890498	-0.070317	-0.856404	-0.407249	0.317366
58515	9.315081	-0.702915	3.132995	-0.004795	0.000592	0.004005	0.253973	0.202883	0.945694	-0.449484	0.890515	-0.070333	-0.856424	-0.407212	0.317359
58516	9.351335	-0.691773	3.151364	0.002264	0.000359	0.004717	0.253966	0.202890	0.945694	-0.449511	0.890502	-0.070332	-0.856412	-0.407238	0.317358
58517	9.314968	-0.703692	3.133155	-0.000496	0.002198	0.002987	0.253984	0.202888	0.945689	-0.449508	0.890504	-0.070325	-0.856408	-0.407234	0.317373
58518	9.331332	-0.688735	3.123630	0.000134	0.000809	0.003217	0.253988	0.202883	0.945689	-0.449513	0.890502	-0.070316	-0.856405	-0.407240	0.317375
58519	9.367614	-0.677486	3.141948	-0.000669	-0.001116	0.003787	0.253970	0.202875	0.945696	-0.449514	0.890502	-0.070316	-0.856409	-0.407245	0.317356
58520	9.312959	-0.716254	3.111763	-0.002732	-0.000262	0.003896	0.253962	0.202872	0.945699	-0.449495	0.890510	-0.070323	-0.856421	-0.407228	0.317346
58521	9.351163	-0.693409	3.151517	0.005694	-0.000365	0.002661	0.253957	0.202858	0.945703	-0.449544	0.890488	-0.070294	-0.856397	-0.407283	0.317339
58522	9.331270	-0.690075	3.123519	-0.002665	0.000143	0.005504	0.253945	0.202870	0.945704	-0.449530	0.890493	-0.070317	-0.856408	-0.407266	0.317333
58523	9.349172	-0.705526	3.130169	0.000803	0.001924	-0.000569	0.253975	0.202836	0.945703	-0.449531	0.890496	-0.070270	-0.856398	-0.407276	0.317345
58524	9.352942	-0.682816	3.173156	-0.002597	0.000547	0.007113	0.253960	0.202865	0.945701	-0.449522	0.890498	-0.070308	-0.856408	-0.407258	0.317343
58525	9.330686	-0.733224	3.118577	0.000202	0.001213	0.004826	0.253958	0.202876	0.945699	-0.449530	0.890493	-0.070316	-0.856404	-0.407263	0.317347
58526	9.333364	-0.638224	3.150497	0.000831	-0.000177	0.005056	0.253946	0.202883	0.945701	-0.449545	0.890485	-0.070323	-0.856400	-0.407277	0.317340
58527	9.312641	-0.718957	3.112090	-0.001231	0.000678	0.005165	0.253940	0.202895	0.945700	-0.449543	0.890485	-0.070337	-0.856403	-0.407272	0.317340
58528	9.365309	-0.692398	3.120932	0.002304	0.002863	0.000700	0.253973	0.202876	0.945695	-0.449560	0.890480	-0.070298	-0.856384	-0.407293	0.317362
58529	9.328955	-0.704228	3.102685	-0.004165	-0.000796	0.004234	0.253957	0.202874	0.945700	-0.449528	0.890494	-0.070315	-0.856405	-0.407262	0.317345
58530	9.332753	-0.681670	3.145569	0.000202	0.001212	0.004826	0.253957	0.202885	0.945697	-0.449538	0.890489	-0.070322	-0.856400	-0.407268	0.317351
58531	9.330763	-0.693635	3.124245	0.000202	0.001212	0.004826	0.253955	0.202896	0.945696	-0.449546	0.890484	-0.070331	-0.856397	-0.407272	0.317354
58532	9.345248	-0.690284	3.093176	0.000764	-0.000581	0.003447	0.253946	0.202888	0.945700	-0.449556	0.890480	-0.070323	-0.856394	-0.407287	0.317343
58533	9.330693	-0.694415	3.124280	-0.001231	0.000678	0.005165	0.253940	0.202899	0.945699	-0.449553	0.890480	-0.070338	-0.856397	-0.407280	0.317343
58534	9.328709	-0.706418	3.102926	0.000202	0.001212	0.004826	0.253941	0.202910	0.945696	-0.449562	0.890475	-0.070344	-0.856392	-0.407286	0.317349
58535	9.332490	-0.683747	3.145900	0.000135	0.000808	0.003217	0.253935	0.202857	0.945709	-0.449437	0.890538	-0.070344	-0.856460	-0.407174	0.317310
58536	9.364888	-0.695524	3.121499	-0.000495	0.002198	0.002987	0.253952	0.202856	0.945705	-0.449435	0.890540	-0.070335	-0.856456	-0.407172	0.317325
58537	9.315928	-0.699692	3.155749	-0.004165	-0.000796	0.004234	0.253936	0.202854	0.945710	-0.449406	0.890553	-0.070351	-0.856476	-0.407143	0.317307
58538	9.348341	-0.711546	3.131289	0.000939	0.002732	0.002648	0.253959	0.202851	0.945704	-0.449416	0.890549	-0.070335	-0.856464	-0.407152	0.317328
58539	9.332247	-0.685231	3.146296	-0.002665	0.000143	0.005503	0.253948	0.202864	0.945704	-0.449401	0.890555	-0.070357	-0.856475	-0.407134	0.317322
58540	9.330288	-0.697235	3.124861	-0.001299	0.000274	0.003556	0.253945	0.202860	0.945706	-0.449394	0.890559	-0.070357	-0.856479	-0.407128	0.317317
58541	9.330672	-0.655570	3.130156	0.001568	0.001343	0.002878	0.253956	0.202854	0.945704	-0.449411	0.890552	-0.070340	-0.856467	-0.407147	0.317325
58542	9.313727	-0.713250	3.134682	-0.002597	0.000547	0.007111	0.253940	0.202882	0.945703	-0.449402	0.890553	-0.070378	-0.856477	-0.407129	0.317323
58543	9.364527	-0.698506	3.121916	0.000764	-0.000582	0.003447	0.253929	0.202872	0.945707	-0.449416	0.890547	-0.070368	-0.856472	-0.407148	0.317310
58544	9.328233	-0.710464	3.103435	-0.003536	-0.002185	0.004463	0.253902	0.202866	0.945716	-0.449392	0.890558	-0.070383	-0.856493	-0.407127	0.317281
58545	9.332043	-0.687950	3.146308	0.001703	0.002150	0.006095	0.253906	0.202892	0.945710	-0.449418	0.890544	-0.070396	-0.856479	-0.407144	0.317298
58546	9.364478	-0.699703	3.121796	-0.002934	-0.001473	-0.000931	0.253909	0.202841	0.945720	-0.449385	0.890563	-0.070358	-0.856495	-0.407128	0.317276
58547	9.330095	-0.700029	3.124813	-0.002664	0.000143	0.005503	0.253894	0.202853	0.945721	-0.449373	0.890567	-0.070381	-0.856505	-0.407112	0.317267
58548	9.330486	-0.658476	3.130101	0.001568	0.001342	0.002878	0.253905	0.202847	0.945720	-0.449389	0.890561	-0.070365	-0.856494	-0.407130	0.317275
58549	9.315457	-0.704375	3.156098	-0.001995	0.001259	0.001717	0.253917	0.202831	0.945720	-0.449371	0.890571	-0.070351	-0.856500	-0.407116	0.317277
58550	9.346390	-0.685684	3.115430	0.000135	0.000808	0.003217	0.253921	0.202826	0.945720	-0.449375	0.890569	-0.070343	-0.856496	-0.407122	0.317279
58551	9.327971	-0.712767	3.103694	-0.001298	0.000274	0.003555	0.253920	0.202821	0.945721	-0.449370	0.890572	-0.070341	-0.856500	-0.407118	0.317275
58552	9.348245	-0.674913	3.136921	0.000832	-0.000178	0.005055	0.253907	0.202828	0.945723	-0.449385	0.890564	-0.070348	-0.856495	-0.407132	0.317268
58553	9.328342	-0.671548	3.108982	0.001569	0.001342	0.002878	0.253918	0.202822	0.945721	-0.449401	0.890557	-0.070331	-0.856484	-0.407150	0.317277
58554	9.327814	-0.714027	3.103876	-0.004659	0.001403	0.007219	0.253909	0.202855	0.945717	-0.449375	0.890567	-0.070376	-0.856500	-0.407112	0.317281
58555	9.311750	-0.687780	3.118825	0.000068	0.000404	0.001608	0.253915	0.202834	0.945720	-0.449374	0.890569	-0.070353	-0.856499	-0.407118	0.317277
58556	9.362567	-0.672797	3.106099	-0.001298	0.000274	0.003555	0.253913	0.202830	0.945721	-0.449367	0.890573	-0.070353	-0.856503	-0.407112	0.317273
58557	9.330053	-0.661667	3.130717	-0.001927	0.001663	0.003325	0.253925	0.202829	0.945718	-0.449352	0.890580	-0.070353	-0.856507	-0.407096	0.317282
58558	9.346002	-0.688770	3.115915	-0.001298	0.000274	0.003555	0.253923	0.202825	0.945719	-0.449345	0.890584	-0.070352	-0.856511	-0.407090	0.317278
58559	9.329497	-0.704445	3.125607	-0.001231	0.000677	0.005163	0.253917	0.202837	0.945719	-0.449343	0.890584	-0.070367	-0.856515	-0.407084	0.317277
58560	9.329429	-0.704740	3.125745	0.000872	0.002328	0.001040	0.253944	0.202818	0.945715	-0.449348	0.890584	-0.070336	-0.856504	-0.407094	0.317294
58561	9.348223	-0.636297	3.142864	0.000831	-0.000179	0.005055	0.253928	0.202825	0.945718	-0.449364	0.890575	-0.070343	-0.856500	-0.407110	0.317284
58562	9.310921	-0.732368	3.114108	-0.004659	0.001403	0.007219	0.253919	0.202858	0.945713	-0.449338	0.890585	-0.070388	-0.856516	-0.407072	0.317289
58563	9.347645	-0.679412	3.137737	0.002197	-0.000049	0.003108	0.253918	0.202849	0.945716	-0.449359	0.890575	-0.070372	-0.856506	-0.407097	0.317285
58564	9.311300	-0.691188	3.119417	-0.003428	0.000726	0.002055	0.253927	0.202833	0.945717	-0.449330	0.890591	-0.070364	-0.856519	-0.407071	0.317284
58565	9.347567	-0.679932	3.137855	0.001569	0.001341	0.002878	0.253936	0.202826	0.945716	-0.449348	0.890583	-0.070347	-0.856506	-0.407092	0.317291
58566	9.329108	-0.707114	3.126165	-0.004726	0.001000	0.005610	0.253931	0.202843	0.945713	-0.449317	0.890596	-0.070376	-0.856524	-0.407054	0.317291
58567	9.345486	-0.692335	3.116672	0.000940	0.002731	0.002648	0.253953	0.202841	0.945708	-0.449327	0.890592	-0.070361	-0.856512	-0.407064	0.317310
58568	9.361870	-0.677445	3.107191	-0.003360	0.001130	0.003663	0.253958	0.202841	0.945707	-0.449303	0.890604	-0.070368	-0.856524	-0.407038	0.317313
58569	9.312450	-0.723412	3.136147	0.000696	-0.000986	0.001838	0.253952	0.202816	0.945713	-0.449308	0.890603	-0.070345	-0.856522	-0.407053	0.317297
58570	9.383605	-0.670283	3.156636	0.002333	0.000758	0.006324	0.253942	0.202839	0.945711	-0.449339	0.890586	-0.070359	-0.856509	-0.407078	0.317300
58571	9.345261	-0.693856	3.117008	-0.003921	0.002924	0.005041	0.253957	0.202859	0.945703	-0.449312	0.890598	-0.070382	-0.856519	-0.407041	0.317320
58572	9.332545	-0.686501	3.169772	-0.000493	0.002197	0.002986	0.253974	0.202858	0.945699	-0.449310	0.890600	-0.070373	-0.856515	-0.407039	0.317335
58573	9.329075	-0.667856	3.132316	-0.000493	0.002197	0.002986	0.253992	0.202856	0.945694	-0.449307	0.890602	-0.070365	-0.856511	-0.407035	0.317350
58574	9.328514	-0.710184	3.127243	0.000203	0.001211	0.004824	0.253992	0.202867	0.945692	-0.449316	0.890597	-0.070372	-0.856506	-0.407041	0.317356
58575	9.366690	-0.687619	3.167157	0.000203	0.001211	0.004824	0.253992	0.202878	0.945689	-0.449325	0.890592	-0.070380	-0.856502	-0.407046	0.317361
58576	9.310456	-0.695691	3.120934	-0.000561	0.001794	0.001378	0.254012	0.202861	0.945688	-0.449318	0.890597	-0.070356	-0.856499	-0.407044	0.317372
58577	9.332198	-0.688239	3.170415	-0.004166	-0.000794	0.004231	0.253998	0.202858	0.945692	-0.449290	0.890610	-0.070370	-0.856518	-0.407016	0.317356
58578	9.343320	-0.666299	3.101649	-0.002529	0.000950	0.008717	0.253979	0.202902	0.945688	-0.449285	0.890608	-0.070422	-0.856526	-0.406998	0.317357
58579	9.310294	-0.697436	3.121027	0.002333	0.000757	0.006324	0.253969	0.202925	0.945686	-0.449315	0.890592	-0.070437	-0.856514	-0.407022	0.317360
58580	9.364497	-0.701592	3.145948	-0.002800	-0.000663	0.002285	0.253965	0.202906	0.945691	-0.449292	0.890604	-0.070429	-0.856527	-0.407005	0.317346
58581	9.308322	-0.709613	3.099550	0.002197	-0.000050	0.003108	0.253962	0.202896	0.945694	-0.449315	0.890594	-0.070413	-0.856516	-0.407032	0.317341
58582	9.330102	-0.702169	3.148922	-0.002104	-0.001650	0.004123	0.253941	0.202889	0.945701	-0.449303	0.890600	-0.070420	-0.856529	-0.407023	0.317318
58583	9.326685	-0.683522	3.111342	0.002375	0.003264	0.002309	0.253968	0.202886	0.945694	-0.449323	0.890591	-0.070397	-0.856510	-0.407044	0.317343
58584	9.312097	-0.687673	3.142472	-0.004904	-0.002313	0.006407	0.253931	0.202896	0.945702	-0.449293	0.890604	-0.070435	-0.856537	-0.407011	0.317312
58585	9.344533	-0.699654	3.117896	-0.000560	0.001794	0.001378	0.253952	0.202879	0.945700	-0.449286	0.890609	-0.070412	-0.856534	-0.407009	0.317322
58586	9.328480	-0.673428	3.132898	-0.002528	0.000950	0.008716	0.253932	0.202923	0.945696	-0.449282	0.890607	-0.070464	-0.856542	-0.406991	0.317324
58587	9.327919	-0.715942	3.127703	0.002197	-0.000050	0.003108	0.253932	0.202914	0.945698	-0.449301	0.890598	-0.070449	-0.856532	-0.407014	0.317321
58588	9.364740	-0.662919	3.151237	-0.002036	-0.001247	0.005730	0.253907	0.202923	0.945703	-0.449293	0.890601	-0.070471	-0.856544	-0.407005	0.317302
58589	9.293495	-0.716766	3.130703	0.000136	0.000807	0.003216	0.253910	0.202919	0.945703	-0.449297	0.890599	-0.070464	-0.856541	-0.407009	0.317303
58590	9.364659	-0.663739	3.151305	0.000204	0.001210	0.004824	0.253910	0.202929	0.945700	-0.449306	0.890594	-0.070471	-0.856536	-0.407015	0.317309
58591	9.326329	-0.687011	3.111640	-0.000560	0.001794	0.001378	0.253932	0.202912	0.945698	-0.449298	0.890600	-0.070448	-0.856534	-0.407011	0.317320
58592	9.346153	-0.691085	3.139631	0.000025	-0.002104	0.005622	0.253900	0.202917	0.945706	-0.449307	0.890594	-0.070463	-0.856538	-0.407022	0.317294
58593	9.344198	-0.702962	3.118155	0.001570	0.001340	0.002877	0.253911	0.202910	0.945704	-0.449324	0.890587	-0.070446	-0.856526	-0.407041	0.317302
58594	9.308304	-0.672654	3.105245	-0.001188	0.003184	0.001148	0.253944	0.202896	0.945698	-0.449312	0.890595	-0.070422	-0.856523	-0.407030	0.317325
58595	9.344046	-0.703254	3.118545	-0.002062	0.000857	0.000108	0.253963	0.202864	0.945700	-0.449287	0.890610	-0.070393	-0.856530	-0.407013	0.317326
58596	9.344024	-0.703552	3.118543	-0.000602	-0.000714	0.005392	0.253944	0.202873	0.945703	-0.449290	0.890607	-0.070408	-0.856534	-0.407016	0.317313
58597	9.343992	-0.703962	3.118545	0.000136	0.000807	0.003216	0.253947	0.202868	0.945704	-0.449294	0.890606	-0.070401	-0.856531	-0.407021	0.317314
58598	9.327959	-0.677505	3.133569	-0.000492	0.002197	0.002985	0.253964	0.202866	0.945700	-0.449293	0.890607	-0.070392	-0.856527	-0.407019	0.317328
58599	9.327371	-0.719908	3.128429	-0.002664	0.000144	0.005500	0.253952	0.202878	0.945700	-0.449279	0.890612	-0.070414	-0.856538	-0.407001	0.317322
58600	9.364193	-0.667051	3.151991	-0.000602	-0.000714	0.005391	0.253934	0.202886	0.945703	-0.449283	0.890609	-0.070429	-0.856541	-0.407004	0.317309
58601	9.309413	-0.705627	3.121816	-0.003427	0.000728	0.002054	0.253944	0.202870	0.945704	-0.449254	0.890624	-0.070419	-0.856553	-0.406979	0.317309
58602	9.360194	-0.690839	3.109291	-0.001051	0.003991	0.004363	0.253970	0.202888	0.945693	-0.449251	0.890625	-0.070426	-0.856547	-0.406968	0.317340
58603	9.327657	-0.679620	3.134009	0.002197	-0.000051	0.003107	0.253967	0.202878	0.945696	-0.449276	0.890614	-0.070408	-0.856535	-0.406997	0.317334
58604	9.327063	-0.721759	3.128918	-0.001187	0.003184	0.001148	0.254000	0.202864	0.945690	-0.449264	0.890622	-0.070385	-0.856531	-0.406987	0.317358
58605	9.361905	-0.680072	3.131259	0.000136	0.000806	0.003215	0.254004	0.202859	0.945690	-0.449267	0.890621	-0.070377	-0.856529	-0.406991	0.317359
58606	9.345346	-0.695570	3.141042	-0.000491	0.002197	0.002985	0.254021	0.202858	0.945686	-0.449265	0.890623	-0.070369	-0.856524	-0.406989	0.317374
58607	9.341425	-0.718872	3.098208	-0.002800	-0.000663	0.002284	0.254016	0.202838	0.945691	-0.449241	0.890635	-0.070362	-0.856539	-0.406970	0.317359
58608	9.327413	-0.680952	3.134446	-0.000671	-0.001117	0.003783	0.254001	0.202831	0.945697	-0.449240	0.890636	-0.070362	-0.856544	-0.406973	0.317342
58609	9.325424	-0.692898	3.113050	0.001706	0.002146	0.006093	0.254004	0.202856	0.945691	-0.449264	0.890623	-0.070376	-0.856530	-0.406989	0.317358
58610	9.327272	-0.681838	3.134674	-0.001925	0.001664	0.003323	0.254015	0.202856	0.945688	-0.449251	0.890629	-0.070375	-0.856534	-0.406975	0.317366
58611	9.325241	-0.693597	3.113442	-0.001187	0.003184	0.001148	0.254049	0.202842	0.945682	-0.449237	0.890639	-0.070352	-0.856531	-0.406962	0.317390
58612	9.341667	-0.678693	3.103938	0.000831	-0.000181	0.005053	0.254037	0.202849	0.945684	-0.449252	0.890630	-0.070359	-0.856527	-0.406976	0.317383
58613	9.327053	-0.682760	3.135124	-0.000491	0.002197	0.002985	0.254055	0.202848	0.945679	-0.449251	0.890632	-0.070349	-0.856522	-0.406974	0.317399
58614	9.325054	-0.694631	3.113771	0.000831	-0.000181	0.005053	0.254043	0.202855	0.945681	-0.449266	0.890624	-0.070356	-0.856518	-0.406988	0.317392
58615	9.342922	-0.710336	3.120307	-0.002732	-0.000259	0.003891	0.254037	0.202851	0.945683	-0.449246	0.890633	-0.070363	-0.856530	-0.406969	0.317384
58616	9.326940	-0.684099	3.135168	-0.002664	0.000144	0.005499	0.254025	0.202864	0.945684	-0.449232	0.890638	-0.070385	-0.856541	-0.406951	0.317377
58617	9.344777	-0.699731	3.141810	-0.000559	0.001794	0.001378	0.254049	0.202846	0.945681	-0.449226	0.890643	-0.070359	-0.856537	-0.406950	0.317391
58618	9.308961	-0.669729	3.128677	-0.001274	-0.001831	0.009174	0.254004	0.202883	0.945685	-0.449234	0.890635	-0.070412	-0.856546	-0.406949	0.317367
58619	9.344728	-0.700812	3.141717	0.002197	-0.000052	0.003107	0.253999	0.202873	0.945689	-0.449255	0.890626	-0.070397	-0.856536	-0.406975	0.317360
58620	9.345247	-0.659078	3.147019	-0.001993	0.001261	0.001715	0.254014	0.202857	0.945688	-0.449238	0.890636	-0.070381	-0.856541	-0.406961	0.317365
58621	9.344100	-0.743326	3.136558	-0.002732	-0.000259	0.003891	0.254009	0.202852	0.945690	-0.449220	0.890644	-0.070386	-0.856551	-0.406945	0.317357
58622	9.325318	-0.656131	3.119124	0.001707	0.002145	0.006092	0.254012	0.202878	0.945684	-0.449245	0.890630	-0.070400	-0.856537	-0.406962	0.317373
58623	9.324717	-0.698569	3.113900	-0.002105	-0.001650	0.004121	0.253993	0.202872	0.945690	-0.449230	0.890638	-0.070408	-0.856551	-0.406949	0.317352
58624	9.312153	-0.691102	3.166217	-0.000112	-0.002911	0.002405	0.253969	0.202844	0.945703	-0.449230	0.890639	-0.070393	-0.856558	-0.406960	0.317319
58625	9.324759	-0.699318	3.113603	-0.003290	0.001535	0.005268	0.253972	0.202861	0.945698	-0.449206	0.890649	-0.070416	-0.856570	-0.406930	0.317327
58626	9.342566	-0.715105	3.120282	0.000205	0.001209	0.004822	0.253973	0.202872	0.945696	-0.449216	0.890644	-0.070422	-0.856565	-0.406936	0.317332
58627	9.342518	-0.715401	3.120358	0.000068	0.000403	0.001607	0.253981	0.202850	0.945698	-0.449216	0.890645	-0.070398	-0.856562	-0.406943	0.317331
58628	9.344417	-0.704200	3.141883	0.000205	0.001209	0.004822	0.253982	0.202861	0.945696	-0.449225	0.890640	-0.070405	-0.856557	-0.406948	0.317337
58629	9.326490	-0.689413	3.135343	-0.000603	-0.000714	0.005390	0.253964	0.202869	0.945699	-0.449229	0.890637	-0.070419	-0.856561	-0.406951	0.317324
58630	9.324523	-0.701245	3.113878	0.000068	0.000403	0.001607	0.253971	0.202848	0.945701	-0.449228	0.890639	-0.070396	-0.856559	-0.406957	0.317322
58631	9.325063	-0.659661	3.119143	-0.002664	0.000144	0.005498	0.253958	0.202862	0.945702	-0.449212	0.890646	-0.070421	-0.856571	-0.406937	0.317314
58632	9.342338	-0.717597	3.120393	0.000161	-0.001299	0.008834	0.253918	0.202898	0.945705	-0.449231	0.890633	-0.070466	-0.856573	-0.406947	0.317296
58633	9.328313	-0.679814	3.156752	-0.000558	0.001794	0.001377	0.253942	0.202881	0.945702	-0.449221	0.890639	-0.070443	-0.856571	-0.406940	0.317309
58634	9.325729	-0.733636	3.130132	-0.002663	0.000144	0.005498	0.253930	0.202894	0.945703	-0.449207	0.890645	-0.070465	-0.856582	-0.406923	0.317303
58635	9.341445	-0.646335	3.109494	0.004190	-0.001315	0.001392	0.253926	0.202864	0.945710	-0.449240	0.890631	-0.070427	-0.856566	-0.406967	0.317289
58636	9.358728	-0.703789	3.110799	-0.003358	0.001132	0.003660	0.253931	0.202864	0.945709	-0.449215	0.890643	-0.070434	-0.856577	-0.406941	0.317292
58637	9.328167	-0.681112	3.156905	0.001639	0.001741	0.004484	0.253935	0.202875	0.945705	-0.449235	0.890633	-0.070435	-0.856566	-0.406958	0.317301
58638	9.322807	-0.674086	3.097982	-0.001856	0.002067	0.004930	0.253942	0.202890	0.945700	-0.449227	0.890636	-0.070449	-0.856568	-0.406944	0.317314
58639	9.327428	-0.723879	3.151927	0.002197	-0.000053	0.003107	0.253940	0.202880	0.945703	-0.449249	0.890626	-0.070432	-0.856557	-0.406971	0.317309
58640	9.360987	-0.651819	3.138006	-0.000490	0.002197	0.002985	0.253957	0.202879	0.945699	-0.449247	0.890627	-0.070424	-0.856553	-0.406968	0.317324
58641	9.325414	-0.736043	3.130507	-0.002913	-0.003572	0.004688	0.253918	0.202869	0.945711	-0.449229	0.890636	-0.070439	-0.856574	-0.406955	0.317283
58642	9.326612	-0.652431	3.140895	0.005066	0.001011	0.002431	0.253928	0.202858	0.945711	-0.449273	0.890616	-0.070407	-0.856548	-0.407004	0.317291
58643	9.307482	-0.721540	3.123934	-0.002526	0.000950	0.008712	0.253908	0.202902	0.945707	-0.449269	0.890614	-0.070460	-0.856556	-0.406986	0.317292
58644	9.308013	-0.680065	3.129267	0.001503	0.000935	0.001269	0.253922	0.202880	0.945708	-0.449280	0.890611	-0.070429	-0.856546	-0.407004	0.317296
58645	9.358274	-0.707243	3.111380	-0.001229	0.000677	0.005159	0.253916	0.202892	0.945707	-0.449277	0.890611	-0.070444	-0.856550	-0.406997	0.317295
58646	9.325781	-0.696162	3.135960	-0.001229	0.000677	0.005159	0.253910	0.202903	0.945706	-0.449274	0.890611	-0.070458	-0.856553	-0.406991	0.317294
58647	9.325757	-0.696609	3.135933	-0.000671	-0.001117	0.003782	0.253895	0.202895	0.945712	-0.449274	0.890611	-0.070457	-0.856557	-0.406995	0.317277
58648	9.303973	-0.704760	3.086381	-0.000603	-0.000715	0.005389	0.253876	0.202903	0.945715	-0.449278	0.890608	-0.070472	-0.856561	-0.406998	0.317264
58649	9.323758	-0.708884	3.114439	-0.000558	0.001794	0.001377	0.253897	0.202886	0.945713	-0.449273	0.890613	-0.070448	-0.856557	-0.406997	0.317275
58650	9.342179	-0.682587	3.126331	-0.002663	0.000145	0.005497	0.253885	0.202898	0.945714	-0.449259	0.890618	-0.070470	-0.856568	-0.406979	0.317268
58651	9.325584	-0.698131	3.136110	-0.001184	0.003185	0.001147	0.253918	0.202884	0.945708	-0.449246	0.890626	-0.070447	-0.856565	-0.406968	0.317291
58652	9.358557	-0.668079	3.116977	0.000832	-0.000183	0.005051	0.253905	0.202892	0.945710	-0.449261	0.890618	-0.070454	-0.856561	-0.406982	0.317284
58653	9.341984	-0.683660	3.126678	-0.001923	0.001665	0.003322	0.253914	0.202891	0.945708	-0.449249	0.890624	-0.070454	-0.856565	-0.406969	0.317290
58654	9.326733	-0.729702	3.152640	0.000206	0.001208	0.004821	0.253914	0.202902	0.945705	-0.449258	0.890619	-0.070461	-0.856560	-0.406975	0.317296
58655	9.322030	-0.680640	3.098889	0.000137	0.000805	0.003214	0.253918	0.202896	0.945705	-0.449265	0.890617	-0.070451	-0.856555	-0.406983	0.317298
58656	9.359629	-0.700022	3.133666	-0.001115	0.003588	0.002754	0.253948	0.202898	0.945697	-0.449257	0.890621	-0.070442	-0.856550	-0.406973	0.317325
58657	9.359588	-0.700357	3.133713	-0.000045	-0.002509	0.004012	0.253923	0.202886	0.945706	-0.449262	0.890619	-0.070441	-0.856555	-0.406983	0.317297
58658	9.305327	-0.696881	3.108823	0.001083	0.003533	0.005861	0.253938	0.202916	0.945696	-0.449281	0.890608	-0.070455	-0.856541	-0.406992	0.317325
58659	9.359440	-0.701359	3.133931	-0.002663	0.000145	0.005496	0.253925	0.202928	0.945697	-0.449269	0.890613	-0.070477	-0.856551	-0.406976	0.317318
58660	9.326996	-0.690116	3.158408	0.000694	-0.000989	0.001837	0.253920	0.202903	0.945703	-0.449274	0.890612	-0.070454	-0.856550	-0.406991	0.317303
58661	9.374008	-0.698282	3.102714	-0.002800	-0.000660	0.002282	0.253915	0.202884	0.945709	-0.449252	0.890624	-0.070446	-0.856563	-0.406974	0.317288
58662	9.325016	-0.702205	3.136888	0.000206	0.001208	0.004821	0.253915	0.202895	0.945707	-0.449261	0.890618	-0.070453	-0.856558	-0.406980	0.317294
58663	9.341478	-0.687482	3.127353	-0.003357	0.001134	0.003659	0.253918	0.202895	0.945706	-0.449238	0.890629	-0.070460	-0.856569	-0.406956	0.317295
58664	9.341461	-0.687968	3.127296	0.000023	-0.002106	0.005618	0.253886	0.202899	0.945713	-0.449248	0.890623	-0.070475	-0.856574	-0.406967	0.317269
58665	9.341402	-0.688338	3.127391	0.000320	0.004119	0.002417	0.253922	0.202900	0.945703	-0.449252	0.890622	-0.070458	-0.856561	-0.406968	0.317302
