// General information: 
//  MT Manager version: 2019.2.0 
//  XDA version: 2019.2.0 build 3853 rev 94535 built on 2019-09-09
// Device information: 
//  DeviceId: 00B44109
//  ProductCode: MTW2-3A7G6
//  Firmware Version: 4.3.5
//  Hardware Version: 1.1.0
// Device settings: 
//  Filter Profile: human(46.1)
//  Option Flags: Orientation Smoother Disabled, AHS Disabled, ICC Disabled
// Coordinate system: ENU
PacketCounter	Acc_X	Acc_Y	Acc_Z	Gyr_X	Gyr_Y	Gyr_Z	Mat[1][1]	Mat[2][1]	Mat[3][1]	Mat[1][2]	Mat[2][2]	Mat[3][2]	Mat[1][3]	Mat[2][3]	Mat[3][3]
58398	9.522045	-0.072839	-2.404407	-0.001795	0.001970	-0.002145	0.246386	0.002364	0.969169	0.040915	-0.999131	-0.007964	0.968308	0.041615	-0.246269
58399	9.535650	-0.092482	-2.408436	0.000073	0.002514	-0.001983	0.246381	0.002365	0.969170	0.040916	-0.999131	-0.007964	0.968309	0.041617	-0.246264
58400	9.521309	-0.078082	-2.380137	0.001978	0.004315	-0.002814	0.246358	0.002373	0.969176	0.040937	-0.999130	-0.007960	0.968314	0.041636	-0.246241
58401	9.523143	-0.066559	-2.427275	-0.006664	0.002542	-0.000072	0.246354	0.002354	0.969177	0.040869	-0.999133	-0.007962	0.968318	0.041570	-0.246236
58402	9.535871	-0.091857	-2.407586	0.000640	0.001684	-0.003181	0.246354	0.002367	0.969177	0.040876	-0.999133	-0.007951	0.968318	0.041575	-0.246237
58403	9.503859	-0.073560	-2.454373	0.003243	0.004432	-0.000464	0.246331	0.002351	0.969183	0.040905	-0.999131	-0.007973	0.968322	0.041608	-0.246213
58404	9.502150	-0.084858	-2.406737	0.000566	-0.000830	-0.001197	0.246357	0.002345	0.969176	0.040909	-0.999131	-0.007981	0.968315	0.041614	-0.246239
58405	9.557177	-0.072866	-2.426912	0.000073	0.002514	-0.001984	0.246352	0.002345	0.969178	0.040910	-0.999131	-0.007981	0.968317	0.041615	-0.246234
58406	9.503979	-0.073148	-2.453921	0.000640	0.001684	-0.003181	0.246355	0.002358	0.969177	0.040920	-0.999131	-0.007971	0.968315	0.041622	-0.246237
58407	9.556373	-0.078021	-2.402905	-0.001265	-0.000117	-0.002350	0.246375	0.002363	0.969172	0.040909	-0.999131	-0.007963	0.968311	0.041610	-0.246258
58408	9.502301	-0.083991	-2.406171	-0.000456	0.004601	-0.001778	0.246348	0.002361	0.969178	0.040904	-0.999131	-0.007964	0.968318	0.041605	-0.246231
58409	9.509064	-0.051016	-2.397953	0.000530	-0.002087	-0.000206	0.246389	0.002345	0.969168	0.040906	-0.999131	-0.007982	0.968307	0.041611	-0.246271
58410	9.523512	-0.065162	-2.425863	-0.000493	0.003344	-0.000786	0.246373	0.002333	0.969172	0.040898	-0.999131	-0.007991	0.968312	0.041606	-0.246255
58411	9.502397	-0.083604	-2.405806	-0.003096	0.000596	-0.003504	0.246386	0.002350	0.969169	0.040872	-0.999133	-0.007969	0.968309	0.041575	-0.246269
58412	9.536272	-0.090109	-2.406064	-0.001795	0.001970	-0.002145	0.246389	0.002352	0.969168	0.040856	-0.999133	-0.007962	0.968310	0.041558	-0.246271
58413	9.502461	-0.083056	-2.405573	0.000603	0.000427	-0.002189	0.246404	0.002355	0.969164	0.040863	-0.999133	-0.007961	0.968305	0.041564	-0.246286
58414	9.523643	-0.064202	-2.425375	0.002471	0.000972	-0.002028	0.246414	0.002356	0.969162	0.040889	-0.999132	-0.007967	0.968302	0.041591	-0.246297
58415	9.522817	-0.069757	-2.401438	-0.000493	0.003344	-0.000786	0.246402	0.002344	0.969165	0.040882	-0.999132	-0.007977	0.968305	0.041586	-0.246284
58416	9.536412	-0.089423	-2.405535	0.001170	-0.000403	-0.003387	0.246425	0.002360	0.969159	0.040898	-0.999132	-0.007966	0.968298	0.041600	-0.246308
58417	9.523736	-0.063657	-2.425027	0.000603	0.000427	-0.002189	0.246440	0.002363	0.969155	0.040905	-0.999131	-0.007965	0.968294	0.041607	-0.246323
58418	9.537360	-0.083473	-2.429006	-0.001626	0.005004	0.001609	0.246413	0.002327	0.969162	0.040881	-0.999132	-0.007996	0.968302	0.041591	-0.246294
58419	9.522990	-0.069263	-2.400766	-0.001831	0.000713	-0.001153	0.246426	0.002319	0.969159	0.040862	-0.999133	-0.007999	0.968300	0.041573	-0.246307
58420	9.503618	-0.076403	-2.428247	0.000640	0.001684	-0.003181	0.246429	0.002333	0.969158	0.040870	-0.999133	-0.007987	0.968299	0.041577	-0.246310
58421	9.538385	-0.077278	-2.452191	0.000640	0.001684	-0.003181	0.246431	0.002345	0.969157	0.040879	-0.999132	-0.007977	0.968298	0.041584	-0.246313
58422	9.502807	-0.081542	-2.404255	0.000604	0.000427	-0.002189	0.246444	0.002349	0.969154	0.040885	-0.999132	-0.007975	0.968294	0.041589	-0.246326
58423	9.543394	-0.055342	-2.396446	0.000037	0.001257	-0.000992	0.246451	0.002340	0.969152	0.040883	-0.999132	-0.007984	0.968292	0.041590	-0.246333
58424	9.502922	-0.081245	-2.403810	0.001449	0.006403	-0.002608	0.246408	0.002345	0.969163	0.040898	-0.999131	-0.007981	0.968303	0.041603	-0.246290
58425	9.517438	-0.095170	-2.431504	-0.003132	-0.000662	-0.002512	0.246433	0.002352	0.969157	0.040869	-0.999133	-0.007967	0.968298	0.041572	-0.246316
58426	9.503910	-0.075115	-2.427143	-0.000493	0.003344	-0.000786	0.246420	0.002340	0.969160	0.040862	-0.999133	-0.007977	0.968301	0.041568	-0.246302
58427	9.524272	-0.061871	-2.422965	-0.001757	0.003227	-0.003137	0.246408	0.002352	0.969163	0.040849	-0.999134	-0.007961	0.968305	0.041551	-0.246290
58428	9.503148	-0.080525	-2.402942	0.001264	0.000117	0.002351	0.246426	0.002310	0.969159	0.040851	-0.999133	-0.008006	0.968300	0.041564	-0.246306
58429	9.524329	-0.061908	-2.422740	0.000037	0.001257	-0.000992	0.246433	0.002301	0.969157	0.040850	-0.999133	-0.008015	0.968298	0.041565	-0.246314
58430	9.503220	-0.080388	-2.402663	-0.001757	0.003227	-0.003137	0.246423	0.002312	0.969160	0.040838	-0.999134	-0.008000	0.968301	0.041550	-0.246304
58431	9.556532	-0.079603	-2.375146	-0.002361	0.002800	-0.000948	0.246416	0.002302	0.969161	0.040813	-0.999135	-0.008004	0.968304	0.041527	-0.246297
58432	9.517793	-0.094082	-2.430159	-0.001227	0.001140	-0.003343	0.246425	0.002316	0.969159	0.040806	-0.999135	-0.007988	0.968303	0.041516	-0.246306
58433	9.504250	-0.074086	-2.425843	0.001868	0.000545	0.000162	0.246440	0.002296	0.969155	0.040819	-0.999134	-0.008012	0.968298	0.041535	-0.246320
58434	9.523691	-0.066709	-2.398058	-0.000493	0.003344	-0.000786	0.246428	0.002285	0.969158	0.040810	-0.999135	-0.008022	0.968301	0.041528	-0.246308
58435	9.537255	-0.086562	-2.402292	0.000493	-0.003344	0.000786	0.246481	0.002260	0.969145	0.040809	-0.999135	-0.008049	0.968288	0.041534	-0.246360
58436	9.538141	-0.080767	-2.426029	-0.001757	0.003227	-0.003137	0.246468	0.002271	0.969148	0.040796	-0.999135	-0.008033	0.968292	0.041517	-0.246348
58437	9.538213	-0.080502	-2.425756	0.000074	0.002515	-0.001984	0.246463	0.002272	0.969149	0.040797	-0.999135	-0.008033	0.968293	0.041518	-0.246343
58438	9.504424	-0.073465	-2.425179	-0.001794	0.001970	-0.002145	0.246463	0.002274	0.969149	0.040781	-0.999136	-0.008027	0.968294	0.041501	-0.246343
58439	9.518037	-0.093049	-2.429240	0.000641	0.001685	-0.003181	0.246466	0.002287	0.969149	0.040790	-0.999136	-0.008016	0.968293	0.041508	-0.246346
58440	9.504523	-0.072835	-2.424812	-0.001190	0.002398	-0.004335	0.246461	0.002311	0.969150	0.040785	-0.999136	-0.007990	0.968294	0.041496	-0.246343
58441	9.524887	-0.059490	-2.420607	-0.000456	0.004602	-0.001778	0.246436	0.002308	0.969156	0.040780	-0.999136	-0.007990	0.968301	0.041492	-0.246318
58442	9.517368	-0.097936	-2.404678	0.001905	0.001802	-0.000830	0.246440	0.002297	0.969155	0.040796	-0.999135	-0.008005	0.968299	0.041511	-0.246320
58443	9.504751	-0.072231	-2.423936	-0.001756	0.003227	-0.003137	0.246428	0.002309	0.969158	0.040783	-0.999136	-0.007989	0.968303	0.041494	-0.246309
58444	9.525066	-0.058898	-2.419915	-0.001264	-0.000117	-0.002351	0.246448	0.002314	0.969153	0.040772	-0.999137	-0.007982	0.968298	0.041482	-0.246329
58445	9.538674	-0.078556	-2.424008	0.001942	0.003060	-0.001822	0.246437	0.002313	0.969156	0.040791	-0.999136	-0.007988	0.968300	0.041501	-0.246319
58446	9.485498	-0.078894	-2.451042	-0.003661	0.001425	-0.002308	0.246442	0.002317	0.969155	0.040758	-0.999137	-0.007976	0.968300	0.041466	-0.246324
58447	9.532966	-0.105306	-2.455446	0.000074	0.002515	-0.001984	0.246437	0.002317	0.969156	0.040759	-0.999137	-0.007976	0.968301	0.041468	-0.246319
58448	9.525301	-0.058089	-2.419010	0.001412	0.005147	-0.001616	0.246404	0.002312	0.969164	0.040774	-0.999136	-0.007983	0.968309	0.041484	-0.246286
58449	9.504159	-0.076545	-2.399069	-0.004469	-0.003294	-0.002881	0.246455	0.002324	0.969151	0.040734	-0.999138	-0.007963	0.968298	0.041440	-0.246338
58450	9.538899	-0.077450	-2.423154	-0.000493	0.003344	-0.000786	0.246442	0.002312	0.969155	0.040726	-0.999139	-0.007973	0.968301	0.041435	-0.246324
58451	9.491543	-0.050734	-2.418321	0.001905	0.001802	-0.000830	0.246445	0.002301	0.969154	0.040742	-0.999138	-0.007988	0.968300	0.041454	-0.246326
58452	9.518752	-0.090241	-2.426546	-0.001756	0.003227	-0.003138	0.246433	0.002313	0.969157	0.040730	-0.999138	-0.007973	0.968304	0.041439	-0.246314
58453	9.505249	-0.070131	-2.422042	0.000075	0.002515	-0.001984	0.246428	0.002313	0.969158	0.040731	-0.999138	-0.007972	0.968305	0.041440	-0.246310
58454	9.551831	-0.102217	-2.402696	0.000642	0.001685	-0.003181	0.246431	0.002326	0.969158	0.040742	-0.999138	-0.007962	0.968304	0.041448	-0.246313
58455	9.505348	-0.069627	-2.421669	-0.001793	0.001970	-0.002146	0.246431	0.002328	0.969158	0.040726	-0.999139	-0.007956	0.968304	0.041430	-0.246314
58456	9.539220	-0.076181	-2.421933	-0.001263	-0.000117	-0.002351	0.246450	0.002332	0.969153	0.040717	-0.999139	-0.007949	0.968300	0.041420	-0.246333
58457	9.539288	-0.075897	-2.421673	0.002017	0.005575	-0.003805	0.246415	0.002350	0.969162	0.040742	-0.999138	-0.007936	0.968308	0.041441	-0.246298
58458	9.491973	-0.049048	-2.416668	-0.000493	0.003344	-0.000786	0.246402	0.002338	0.969165	0.040734	-0.999138	-0.007946	0.968311	0.041435	-0.246285
58459	9.552130	-0.101091	-2.401555	-0.001830	0.000712	-0.001154	0.246415	0.002331	0.969162	0.040714	-0.999139	-0.007949	0.968309	0.041418	-0.246298
58460	9.505615	-0.068599	-2.420652	0.000605	0.000428	-0.002189	0.246431	0.002334	0.969158	0.040722	-0.999139	-0.007948	0.968304	0.041425	-0.246314
58461	9.539478	-0.075227	-2.420946	-0.001830	0.000712	-0.001154	0.246444	0.002327	0.969154	0.040703	-0.999140	-0.007951	0.968302	0.041407	-0.246326
58462	9.498976	-0.101121	-2.428570	0.002510	0.002231	-0.003019	0.246442	0.002337	0.969155	0.040732	-0.999138	-0.007948	0.968301	0.041434	-0.246325
58463	9.538672	-0.080469	-2.396876	-0.001793	0.001970	-0.002146	0.246442	0.002340	0.969155	0.040716	-0.999139	-0.007941	0.968302	0.041417	-0.246325
58464	9.505743	-0.067747	-2.420171	-0.001263	-0.000117	-0.002351	0.246463	0.002345	0.969149	0.040704	-0.999140	-0.007934	0.968297	0.041403	-0.246346
58465	9.520276	-0.081701	-2.447917	-0.000455	0.004602	-0.001778	0.246438	0.002343	0.969156	0.040699	-0.999140	-0.007934	0.968304	0.041399	-0.246321
58466	9.532141	-0.112653	-2.404389	0.000643	0.001686	-0.003181	0.246440	0.002355	0.969155	0.040710	-0.999140	-0.007924	0.968303	0.041407	-0.246324
58467	9.505920	-0.067137	-2.419493	0.001905	0.001803	-0.000830	0.246442	0.002344	0.969155	0.040726	-0.999139	-0.007939	0.968301	0.041426	-0.246326
58468	9.539841	-0.073797	-2.419558	-0.002323	0.004057	-0.001941	0.246421	0.002344	0.969160	0.040703	-0.999140	-0.007933	0.968308	0.041402	-0.246304
58469	9.506978	-0.061145	-2.442606	0.001943	0.003060	-0.001821	0.246411	0.002342	0.969163	0.040722	-0.999139	-0.007939	0.968310	0.041422	-0.246294
58470	9.539998	-0.073456	-2.418952	0.000075	0.002515	-0.001984	0.246404	0.002343	0.969164	0.040722	-0.999139	-0.007938	0.968311	0.041422	-0.246288
58471	9.519771	-0.086331	-2.422685	-0.001830	0.000712	-0.001154	0.246417	0.002336	0.969161	0.040703	-0.999140	-0.007941	0.968309	0.041404	-0.246300
58472	9.506250	-0.066303	-2.418219	0.001981	0.004318	-0.002813	0.246394	0.002344	0.969167	0.040724	-0.999139	-0.007937	0.968314	0.041424	-0.246277
58473	9.505378	-0.071861	-2.394383	0.000530	-0.002087	-0.000205	0.246434	0.002328	0.969157	0.040725	-0.999139	-0.007955	0.968304	0.041430	-0.246316
58474	9.541044	-0.067266	-2.442120	-0.000493	0.003345	-0.000787	0.246421	0.002316	0.969160	0.040719	-0.999139	-0.007966	0.968307	0.041426	-0.246303
58475	9.540206	-0.072750	-2.418151	0.000643	0.001686	-0.003181	0.246424	0.002329	0.969159	0.040729	-0.999139	-0.007955	0.968306	0.041433	-0.246306
58476	9.507278	-0.060015	-2.441468	-0.001262	-0.000117	-0.002352	0.246447	0.002334	0.969154	0.040719	-0.999139	-0.007948	0.968301	0.041422	-0.246329
58477	9.513314	-0.118194	-2.429965	0.000075	0.002515	-0.001984	0.246442	0.002334	0.969155	0.040721	-0.999139	-0.007948	0.968302	0.041423	-0.246325
58478	9.505561	-0.070920	-2.393683	-0.001792	0.001970	-0.002146	0.246441	0.002336	0.969155	0.040706	-0.999140	-0.007942	0.968302	0.041408	-0.246324
58479	9.514330	-0.112087	-2.453269	0.000075	0.002515	-0.001984	0.246436	0.002337	0.969156	0.040707	-0.999140	-0.007942	0.968304	0.041409	-0.246320
58480	9.539547	-0.077407	-2.393488	-0.001060	0.004174	0.000411	0.246416	0.002313	0.969161	0.040691	-0.999140	-0.007962	0.968310	0.041398	-0.246298
58481	9.520255	-0.084500	-2.420847	0.001817	0.001285	-0.006567	0.246421	0.002359	0.969160	0.040720	-0.999139	-0.007921	0.968307	0.041416	-0.246305
58482	9.526085	-0.056949	-2.388782	-0.000492	0.003345	-0.000787	0.246411	0.002347	0.969163	0.040714	-0.999139	-0.007932	0.968310	0.041413	-0.246294
58483	9.501038	-0.091331	-2.447935	-0.001754	0.003228	-0.003139	0.246398	0.002359	0.969166	0.040700	-0.999140	-0.007916	0.968314	0.041396	-0.246282
58484	9.540704	-0.070633	-2.416248	0.000606	0.000428	-0.002189	0.246416	0.002362	0.969161	0.040709	-0.999140	-0.007915	0.968309	0.041404	-0.246300
58485	9.519568	-0.089263	-2.396292	-0.000530	0.002087	0.000205	0.246416	0.002341	0.969161	0.040699	-0.999140	-0.007935	0.968309	0.041399	-0.246300
58486	9.520514	-0.083548	-2.419862	0.000038	0.001258	-0.000992	0.246378	0.002456	0.969171	0.040950	-0.999130	-0.007878	0.968308	0.041628	-0.246264
58487	9.519662	-0.089110	-2.395927	0.001943	0.003061	-0.001821	0.246367	0.002455	0.969173	0.040969	-0.999129	-0.007884	0.968310	0.041649	-0.246253
58488	9.534180	-0.103131	-2.423798	-0.001299	-0.001375	-0.001360	0.246402	0.002451	0.969165	0.040957	-0.999130	-0.007887	0.968302	0.041638	-0.246288
58489	9.520655	-0.083118	-2.419321	0.005754	0.006668	-0.003480	0.246356	0.002464	0.969176	0.041018	-0.999127	-0.007886	0.968311	0.041696	-0.246242
58490	9.500518	-0.096032	-2.422737	-0.000492	0.003345	-0.000787	0.246344	0.002453	0.969179	0.041010	-0.999128	-0.007895	0.968314	0.041691	-0.246229
58491	9.500599	-0.095818	-2.422426	-0.001754	0.003228	-0.003139	0.246331	0.002464	0.969183	0.040997	-0.999128	-0.007879	0.968318	0.041674	-0.246218
58492	9.500633	-0.095617	-2.422300	-0.001868	-0.000546	-0.000163	0.246355	0.002448	0.969177	0.040975	-0.999129	-0.007892	0.968313	0.041656	-0.246241
58493	9.541168	-0.069334	-2.414455	0.000644	0.001686	-0.003181	0.246358	0.002461	0.969176	0.040985	-0.999129	-0.007881	0.968312	0.041663	-0.246244
58494	9.520043	-0.087901	-2.394455	0.001906	0.001804	-0.000829	0.246359	0.002450	0.969176	0.040999	-0.999128	-0.007896	0.968311	0.041680	-0.246245
58495	9.500737	-0.095125	-2.421912	0.000644	0.001686	-0.003181	0.246362	0.002463	0.969175	0.041009	-0.999128	-0.007885	0.968310	0.041687	-0.246248
58496	9.521071	-0.081815	-2.417729	0.001982	0.004319	-0.002813	0.246339	0.002471	0.969181	0.041032	-0.999127	-0.007882	0.968315	0.041709	-0.246225
58497	9.521130	-0.081608	-2.417502	0.000606	0.000429	-0.002189	0.246354	0.002474	0.969177	0.041039	-0.999126	-0.007881	0.968311	0.041715	-0.246240
58498	9.521177	-0.081468	-2.417322	-0.000492	0.003345	-0.000787	0.246341	0.002462	0.969180	0.041034	-0.999127	-0.007892	0.968314	0.041713	-0.246227
58499	9.500988	-0.094378	-2.420956	-0.004228	0.002253	-0.001113	0.246339	0.002454	0.969181	0.040992	-0.999128	-0.007889	0.968316	0.041672	-0.246225
58500	9.522200	-0.075498	-2.440621	0.000038	0.001258	-0.000992	0.246347	0.002445	0.969179	0.040991	-0.999128	-0.007899	0.968314	0.041673	-0.246233
58501	9.506852	-0.066871	-2.388667	-0.000454	0.004603	-0.001779	0.246322	0.002442	0.969185	0.040987	-0.999128	-0.007899	0.968321	0.041669	-0.246207
58502	9.507861	-0.061066	-2.412018	-0.000492	0.003345	-0.000787	0.246309	0.002430	0.969188	0.040980	-0.999129	-0.007909	0.968325	0.041665	-0.246194
58503	9.522433	-0.075040	-2.439725	0.000645	0.001687	-0.003181	0.246311	0.002443	0.969188	0.040990	-0.999128	-0.007898	0.968324	0.041672	-0.246197
58504	9.488585	-0.068042	-2.439393	-0.001299	-0.001375	-0.001360	0.246344	0.002439	0.969179	0.040976	-0.999129	-0.007901	0.968316	0.041659	-0.246229
58505	9.542716	-0.061613	-2.435728	0.001944	0.003062	-0.001821	0.246334	0.002438	0.969182	0.040995	-0.999128	-0.007907	0.968318	0.041680	-0.246219
58506	9.522521	-0.074466	-2.439402	0.000645	0.001687	-0.003181	0.246338	0.002451	0.969181	0.041007	-0.999128	-0.007897	0.968316	0.041688	-0.246224
58507	9.570952	-0.095083	-2.467428	-0.001753	0.003228	-0.003139	0.246326	0.002462	0.969184	0.040994	-0.999128	-0.007880	0.968320	0.041672	-0.246212
58508	9.486952	-0.078487	-2.391198	0.002474	0.000975	-0.002026	0.246334	0.002464	0.969182	0.041018	-0.999127	-0.007886	0.968317	0.041696	-0.246220
58509	9.535354	-0.099324	-2.419336	-0.002398	0.001541	0.000042	0.246339	0.002444	0.969181	0.040990	-0.999128	-0.007899	0.968317	0.041673	-0.246224
58510	9.542022	-0.066385	-2.411157	0.002436	-0.000283	-0.001034	0.246362	0.002437	0.969175	0.041013	-0.999127	-0.007914	0.968310	0.041698	-0.246247
58511	9.522705	-0.073630	-2.438708	-0.001791	0.001970	-0.002147	0.246362	0.002439	0.969175	0.040997	-0.999128	-0.007907	0.968310	0.041681	-0.246247
58512	9.534530	-0.104567	-2.395266	0.002513	0.002233	-0.003018	0.246359	0.002450	0.969175	0.041025	-0.999127	-0.007903	0.968310	0.041707	-0.246245
58513	9.515227	-0.111748	-2.422770	0.000607	0.000429	-0.002189	0.246375	0.002453	0.969172	0.041032	-0.999127	-0.007902	0.968306	0.041714	-0.246260
58514	9.543129	-0.059798	-2.434157	-0.006549	0.006309	-0.003056	0.246333	0.002463	0.969182	0.040973	-0.999129	-0.007875	0.968319	0.041650	-0.246220
58515	9.488236	-0.071559	-2.413514	0.003243	0.004437	-0.000461	0.246310	0.002447	0.969188	0.041001	-0.999128	-0.007897	0.968323	0.041683	-0.246196
58516	9.542396	-0.065152	-2.409710	-0.001260	-0.000117	-0.002352	0.246334	0.002452	0.969182	0.040994	-0.999128	-0.007891	0.968318	0.041674	-0.246220
58517	9.522169	-0.078092	-2.413523	-0.000530	0.002087	0.000205	0.246334	0.002431	0.969182	0.040984	-0.999128	-0.007911	0.968318	0.041670	-0.246219
58518	9.522219	-0.077972	-2.413331	-0.001791	0.001970	-0.002148	0.246335	0.002433	0.969182	0.040969	-0.999129	-0.007904	0.968318	0.041653	-0.246221
58519	9.535858	-0.097600	-2.417419	-0.001829	0.000712	-0.001155	0.246348	0.002426	0.969178	0.040950	-0.999130	-0.007907	0.968316	0.041636	-0.246233
58520	9.508716	-0.057785	-2.408724	0.003850	0.004866	-0.002650	0.246320	0.002432	0.969185	0.040990	-0.999128	-0.007910	0.968321	0.041676	-0.246205
58521	9.535968	-0.097272	-2.416999	-0.005602	-0.001639	-0.000490	0.246356	0.002420	0.969176	0.040933	-0.999131	-0.007910	0.968315	0.041620	-0.246241
58522	9.523283	-0.071535	-2.436513	0.000646	0.001687	-0.003181	0.246360	0.002432	0.969175	0.040945	-0.999130	-0.007901	0.968313	0.041630	-0.246245
58523	9.536952	-0.091176	-2.440487	-0.000492	0.003345	-0.000787	0.246347	0.002420	0.969179	0.040938	-0.999130	-0.007910	0.968317	0.041625	-0.246232
58524	9.503140	-0.084254	-2.440015	0.003044	0.000146	-0.003223	0.246365	0.002434	0.969174	0.040971	-0.999129	-0.007905	0.968311	0.041656	-0.246250
58525	9.542746	-0.063554	-2.408367	-0.001791	0.001970	-0.002148	0.246365	0.002437	0.969174	0.040955	-0.999130	-0.007899	0.968311	0.041639	-0.246250
58526	9.514970	-0.114988	-2.396546	-0.001829	0.000712	-0.001156	0.246377	0.002429	0.969171	0.040937	-0.999130	-0.007902	0.968309	0.041622	-0.246263
58527	9.523488	-0.070556	-2.435738	0.002513	0.002233	-0.003018	0.246375	0.002440	0.969172	0.040965	-0.999129	-0.007898	0.968308	0.041648	-0.246260
58528	9.509955	-0.050603	-2.431232	0.001375	0.003892	-0.000624	0.246356	0.002427	0.969176	0.040976	-0.999129	-0.007914	0.968313	0.041663	-0.246240
58529	9.536293	-0.095886	-2.415770	-0.001867	-0.000546	-0.000164	0.246381	0.002410	0.969170	0.040954	-0.999130	-0.007927	0.968307	0.041645	-0.246265
58530	9.523621	-0.070339	-2.435226	0.001906	0.001804	-0.000829	0.246382	0.002399	0.969170	0.040972	-0.999129	-0.007943	0.968306	0.041666	-0.246265
58531	9.503385	-0.083214	-2.439095	-0.000691	-0.000946	-0.003550	0.246410	0.002416	0.969163	0.040970	-0.999129	-0.007926	0.968299	0.041660	-0.246294
58532	9.509131	-0.055772	-2.407131	-0.000492	0.003345	-0.000787	0.246398	0.002405	0.969166	0.040962	-0.999129	-0.007935	0.968303	0.041654	-0.246282
58533	9.556671	-0.082218	-2.411363	0.000077	0.002516	-0.001984	0.246393	0.002405	0.969167	0.040964	-0.999129	-0.007935	0.968304	0.041656	-0.246277
58534	9.503562	-0.082720	-2.438425	-0.000492	0.003345	-0.000787	0.246380	0.002393	0.969170	0.040957	-0.999129	-0.007945	0.968307	0.041652	-0.246264
58535	9.508403	-0.061062	-2.382640	0.002475	0.000976	-0.002025	0.246390	0.002395	0.969168	0.040982	-0.999128	-0.007950	0.968304	0.041678	-0.246274
58536	9.537556	-0.089270	-2.438196	0.003282	0.005696	-0.001452	0.246352	0.002389	0.969177	0.041012	-0.999127	-0.007962	0.968312	0.041709	-0.246235
58537	9.509452	-0.055260	-2.405876	0.000531	-0.002087	-0.000205	0.246393	0.002373	0.969167	0.041013	-0.999127	-0.007980	0.968302	0.041715	-0.246275
58538	9.536660	-0.094575	-2.414373	-0.004348	0.000477	-0.005861	0.246404	0.002413	0.969164	0.040983	-0.999128	-0.007932	0.968300	0.041674	-0.246289
58539	9.490131	-0.062169	-2.433529	0.000690	0.000946	0.003550	0.246417	0.002359	0.969161	0.040977	-0.999128	-0.007987	0.968297	0.041681	-0.246299
58540	9.524037	-0.068910	-2.433639	0.000685	0.002945	-0.004173	0.246406	0.002381	0.969164	0.040991	-0.999128	-0.007968	0.968300	0.041690	-0.246288
58541	9.537719	-0.088450	-2.437587	0.000077	0.002516	-0.001984	0.246401	0.002381	0.969165	0.040993	-0.999128	-0.007967	0.968301	0.041692	-0.246283
58542	9.523208	-0.074058	-2.409550	0.001177	-0.000400	-0.003386	0.246424	0.002397	0.969159	0.041007	-0.999127	-0.007955	0.968294	0.041703	-0.246308
58543	9.517516	-0.101088	-2.441359	0.000039	0.001258	-0.000992	0.246432	0.002388	0.969157	0.041006	-0.999127	-0.007965	0.968292	0.041704	-0.246315
58544	9.524192	-0.068051	-2.433056	0.000077	0.002516	-0.001984	0.246427	0.002389	0.969158	0.041005	-0.999127	-0.007963	0.968293	0.041703	-0.246310
58545	9.490389	-0.061211	-2.432545	-0.000531	0.002087	0.000205	0.246427	0.002368	0.969158	0.040995	-0.999127	-0.007983	0.968294	0.041698	-0.246309
58546	9.558123	-0.074536	-2.433075	-0.000690	-0.000946	-0.003550	0.246455	0.002385	0.969151	0.040993	-0.999128	-0.007965	0.968287	0.041692	-0.246338
58547	9.524307	-0.067627	-2.432616	0.003243	0.004439	-0.000460	0.246432	0.002370	0.969157	0.041021	-0.999126	-0.007988	0.968291	0.041725	-0.246314
58548	9.538025	-0.087327	-2.436430	0.000116	0.003774	-0.002977	0.246416	0.002380	0.969161	0.041025	-0.999126	-0.007977	0.968296	0.041726	-0.246298
58549	9.504222	-0.080362	-2.435928	-0.001829	0.000711	-0.001156	0.246428	0.002373	0.969158	0.041006	-0.999127	-0.007980	0.968293	0.041708	-0.246311
58550	9.523577	-0.072916	-2.408124	0.001337	0.002634	0.000368	0.246422	0.002350	0.969160	0.041015	-0.999126	-0.008006	0.968294	0.041723	-0.246303
58551	9.523633	-0.072825	-2.407905	-0.001790	0.001970	-0.002148	0.246422	0.002352	0.969160	0.040998	-0.999127	-0.008000	0.968295	0.041705	-0.246303
58552	9.538211	-0.086754	-2.435725	0.000608	0.000429	-0.002189	0.246438	0.002356	0.969156	0.041005	-0.999127	-0.007998	0.968291	0.041711	-0.246319
58553	9.538223	-0.086560	-2.435683	0.000608	0.000429	-0.002189	0.246453	0.002359	0.969152	0.041012	-0.999127	-0.007997	0.968287	0.041718	-0.246334
58554	9.525580	-0.060925	-2.455025	-0.000492	0.003345	-0.000788	0.246439	0.002347	0.969155	0.041006	-0.999127	-0.008008	0.968290	0.041714	-0.246320
58555	9.537422	-0.091877	-2.411463	-0.001751	0.003228	-0.003141	0.246427	0.002359	0.969158	0.040992	-0.999127	-0.007991	0.968294	0.041698	-0.246309
58556	9.518178	-0.098986	-2.438865	-0.001790	0.001970	-0.002148	0.246426	0.002361	0.969159	0.040978	-0.999128	-0.007986	0.968295	0.041682	-0.246308
58557	9.503664	-0.084649	-2.410792	0.002476	0.000976	-0.002025	0.246436	0.002362	0.969156	0.041003	-0.999127	-0.007991	0.968291	0.041708	-0.246318
58558	9.524887	-0.065661	-2.430398	-0.001751	0.003228	-0.003141	0.246425	0.002374	0.969159	0.040993	-0.999128	-0.007976	0.968295	0.041694	-0.246307
58559	9.510415	-0.051301	-2.402154	-0.000492	0.003345	-0.000788	0.246412	0.002362	0.969162	0.040986	-0.999128	-0.007986	0.968298	0.041690	-0.246294
58560	9.524122	-0.071044	-2.406026	0.003813	0.003610	-0.001657	0.246398	0.002358	0.969166	0.041024	-0.999126	-0.007998	0.968300	0.041730	-0.246279
58561	9.537794	-0.090733	-2.410035	0.000609	0.000429	-0.002189	0.246413	0.002362	0.969162	0.041031	-0.999126	-0.007997	0.968296	0.041736	-0.246294
58562	9.510562	-0.050667	-2.401587	-0.004346	0.000476	-0.005863	0.246426	0.002402	0.969159	0.040999	-0.999128	-0.007949	0.968294	0.041693	-0.246310
58563	9.539737	-0.078643	-2.457214	0.003243	0.004439	-0.000460	0.246403	0.002386	0.969164	0.041027	-0.999126	-0.007971	0.968299	0.041726	-0.246286
58564	9.509747	-0.055819	-2.377400	-0.000650	0.000312	-0.004542	0.246417	0.002414	0.969161	0.041025	-0.999127	-0.007943	0.968295	0.041717	-0.246301
58565	9.518658	-0.096969	-2.437069	-0.000531	0.002087	0.000204	0.246417	0.002392	0.969161	0.041015	-0.999127	-0.007962	0.968296	0.041713	-0.246300
58566	9.504130	-0.082732	-2.409020	0.000609	0.000429	-0.002189	0.246434	0.002396	0.969157	0.041025	-0.999126	-0.007962	0.968291	0.041722	-0.246317
58567	9.525322	-0.063833	-2.428743	0.000039	0.001258	-0.000992	0.246442	0.002387	0.969155	0.041024	-0.999126	-0.007971	0.968289	0.041723	-0.246325
58568	9.539894	-0.077655	-2.456636	-0.000080	-0.000517	-0.005739	0.246464	0.002426	0.969149	0.041034	-0.999126	-0.007935	0.968283	0.041723	-0.246348
58569	9.524415	-0.069002	-2.404924	0.005602	0.001642	0.000492	0.246468	0.002402	0.969148	0.041083	-0.999124	-0.007972	0.968280	0.041780	-0.246351
58570	9.532429	-0.116094	-2.440738	-0.000492	0.003345	-0.000788	0.246456	0.002390	0.969151	0.041078	-0.999124	-0.007982	0.968283	0.041778	-0.246338
58571	9.524555	-0.068708	-2.404379	-0.003008	0.003110	-0.005495	0.246443	0.002425	0.969154	0.041058	-0.999125	-0.007940	0.968287	0.041748	-0.246327
58572	9.505323	-0.075717	-2.431780	-0.004226	0.002251	-0.001116	0.246442	0.002417	0.969154	0.041018	-0.999127	-0.007939	0.968289	0.041709	-0.246326
58573	9.539220	-0.082246	-2.431928	0.000609	0.000430	-0.002189	0.246457	0.002420	0.969151	0.041025	-0.999127	-0.007938	0.968285	0.041716	-0.246341
58574	9.512013	-0.042379	-2.423326	0.000117	0.003775	-0.002977	0.246440	0.002430	0.969155	0.041029	-0.999127	-0.007928	0.968289	0.041717	-0.246325
58575	9.533679	-0.108971	-2.463309	-0.001789	0.001969	-0.002149	0.246441	0.002432	0.969155	0.041013	-0.999127	-0.007921	0.968290	0.041700	-0.246325
58576	9.524820	-0.067325	-2.403366	-0.003656	0.001422	-0.002313	0.246446	0.002437	0.969153	0.040980	-0.999129	-0.007909	0.968290	0.041665	-0.246332
58577	9.538525	-0.086895	-2.407281	-0.000453	0.004604	-0.001780	0.246421	0.002434	0.969160	0.040976	-0.999129	-0.007909	0.968296	0.041661	-0.246306
58578	9.505658	-0.074159	-2.430516	0.001789	0.000031	-0.005575	0.246440	0.002472	0.969155	0.041003	-0.999128	-0.007878	0.968290	0.041680	-0.246326
58579	9.519284	-0.093806	-2.434747	0.001828	-0.000711	0.001157	0.246467	0.002442	0.969148	0.041014	-0.999127	-0.007913	0.968283	0.041699	-0.246352
58580	9.524977	-0.066614	-2.402765	-0.000492	0.003345	-0.000788	0.246455	0.002430	0.969151	0.041007	-0.999127	-0.007923	0.968286	0.041695	-0.246340
58581	9.539604	-0.080662	-2.430472	0.000039	0.001258	-0.000992	0.246463	0.002422	0.969149	0.041006	-0.999127	-0.007932	0.968284	0.041696	-0.246347
58582	9.505789	-0.073689	-2.430017	-0.003617	0.002680	-0.003306	0.246456	0.002435	0.969151	0.040973	-0.999129	-0.007909	0.968287	0.041658	-0.246341
58583	9.518587	-0.098819	-2.410097	0.002024	0.005581	-0.003805	0.246421	0.002453	0.969160	0.040998	-0.999128	-0.007896	0.968295	0.041679	-0.246306
58584	9.506015	-0.073066	-2.429153	0.001985	0.004323	-0.002813	0.246399	0.002461	0.969165	0.041018	-0.999127	-0.007891	0.968300	0.041698	-0.246285
58585	9.526284	-0.059669	-2.425072	0.001750	-0.001227	-0.004582	0.246429	0.002489	0.969158	0.041042	-0.999126	-0.007870	0.968291	0.041716	-0.246316
58586	9.519720	-0.092331	-2.433100	-0.000492	0.003346	-0.000788	0.246415	0.002478	0.969161	0.041034	-0.999127	-0.007879	0.968295	0.041710	-0.246302
58587	9.527353	-0.053640	-2.448306	-0.002890	0.004885	-0.000748	0.246388	0.002465	0.969168	0.041004	-0.999128	-0.007883	0.968304	0.041682	-0.246274
58588	9.518944	-0.097724	-2.408731	0.000610	0.000430	-0.002189	0.246404	0.002468	0.969164	0.041009	-0.999128	-0.007882	0.968299	0.041687	-0.246290
58589	9.505328	-0.077770	-2.404454	0.000039	0.001259	-0.000992	0.246411	0.002460	0.969162	0.041008	-0.999128	-0.007891	0.968297	0.041688	-0.246297
58590	9.507244	-0.066200	-2.451794	-0.001218	0.001141	-0.003346	0.246417	0.002474	0.969161	0.041003	-0.999128	-0.007875	0.968296	0.041679	-0.246304
58591	9.525623	-0.064267	-2.400265	0.001907	0.001806	-0.000828	0.246420	0.002463	0.969160	0.041019	-0.999127	-0.007890	0.968295	0.041698	-0.246306
58592	9.500738	-0.098881	-2.459611	0.001907	0.001806	-0.000828	0.246422	0.002452	0.969160	0.041034	-0.999126	-0.007905	0.968294	0.041717	-0.246307
58593	9.552974	-0.103739	-2.408375	0.000610	0.000430	-0.002189	0.246437	0.002456	0.969156	0.041041	-0.999126	-0.007904	0.968289	0.041723	-0.246322
58594	9.513985	-0.032440	-2.443081	-0.004263	0.002992	-0.007849	0.246424	0.002515	0.969159	0.041012	-0.999128	-0.007835	0.968294	0.041678	-0.246312
58595	9.520197	-0.090458	-2.431302	-0.001633	0.005003	0.001605	0.246397	0.002479	0.969166	0.040988	-0.999129	-0.007865	0.968302	0.041662	-0.246283
58596	9.520254	-0.090368	-2.431084	0.001181	-0.000398	-0.003386	0.246421	0.002495	0.969160	0.041002	-0.999128	-0.007853	0.968295	0.041673	-0.246308
58597	9.539590	-0.082730	-2.403206	-0.002890	0.004885	-0.000749	0.246393	0.002482	0.969167	0.040972	-0.999129	-0.007858	0.968304	0.041645	-0.246280
58598	9.507705	-0.064502	-2.450051	0.000079	0.002517	-0.001985	0.246389	0.002482	0.969168	0.040978	-0.999129	-0.007859	0.968304	0.041651	-0.246277
58599	9.538789	-0.088024	-2.378915	-0.001788	0.001969	-0.002150	0.246390	0.002484	0.969168	0.040962	-0.999130	-0.007853	0.968305	0.041634	-0.246277
58600	9.505899	-0.075417	-2.402273	0.000610	0.000430	-0.002189	0.246405	0.002487	0.969164	0.040971	-0.999129	-0.007852	0.968301	0.041642	-0.246292
58601	9.535143	-0.103618	-2.457867	0.000805	0.004722	0.000573	0.246380	0.002461	0.969170	0.040973	-0.999129	-0.007879	0.968307	0.041651	-0.246266
58602	9.506039	-0.075123	-2.401728	-0.000607	0.001571	-0.005535	0.246383	0.002498	0.969169	0.040978	-0.999129	-0.007843	0.968306	0.041647	-0.246271
58603	9.541845	-0.070193	-2.449271	0.001907	0.001807	-0.000828	0.246385	0.002487	0.969169	0.040995	-0.999128	-0.007858	0.968305	0.041667	-0.246272
58604	9.507061	-0.069067	-2.425173	-0.001827	0.000711	-0.001157	0.246398	0.002480	0.969166	0.040977	-0.999129	-0.007862	0.968302	0.041650	-0.246285
58605	9.540944	-0.075601	-2.425371	0.000610	0.000430	-0.002189	0.246413	0.002483	0.969162	0.040984	-0.999129	-0.007861	0.968298	0.041657	-0.246300
58606	9.506174	-0.074430	-2.401214	-0.000491	0.003346	-0.000788	0.246402	0.002472	0.969164	0.040976	-0.999129	-0.007870	0.968301	0.041652	-0.246289
58607	9.520809	-0.088388	-2.428980	-0.001257	-0.000118	-0.002354	0.246423	0.002477	0.969159	0.040966	-0.999130	-0.007863	0.968296	0.041640	-0.246310
58608	9.540113	-0.080744	-2.401197	0.000079	0.002517	-0.001985	0.246420	0.002477	0.969160	0.040970	-0.999129	-0.007863	0.968297	0.041644	-0.246307
58609	9.507249	-0.068145	-2.424461	-0.001788	0.001969	-0.002150	0.246420	0.002479	0.969160	0.040954	-0.999130	-0.007857	0.968297	0.041627	-0.246307
58610	9.555762	-0.088837	-2.452448	0.001907	0.001807	-0.000827	0.246424	0.002469	0.969159	0.040971	-0.999129	-0.007872	0.968296	0.041647	-0.246310
58611	9.486219	-0.086502	-2.404141	-0.001668	0.005746	-0.005127	0.246386	0.002499	0.969169	0.040963	-0.999130	-0.007837	0.968306	0.041631	-0.246274
58612	9.486328	-0.086176	-2.403723	0.001947	0.003065	-0.001820	0.246377	0.002498	0.969171	0.040984	-0.999129	-0.007843	0.968307	0.041653	-0.246265
58613	9.540492	-0.079650	-2.399729	0.001947	0.003066	-0.001820	0.246366	0.002497	0.969174	0.041003	-0.999128	-0.007849	0.968309	0.041673	-0.246254
58614	9.507637	-0.067085	-2.422971	-0.001787	0.001969	-0.002150	0.246369	0.002499	0.969173	0.040987	-0.999129	-0.007843	0.968309	0.041656	-0.246257
58615	9.521343	-0.086671	-2.426948	0.000080	0.002517	-0.001985	0.246364	0.002500	0.969174	0.040989	-0.999129	-0.007842	0.968310	0.041657	-0.246252
58616	9.506783	-0.072385	-2.398865	0.002478	0.000978	-0.002024	0.246373	0.002501	0.969172	0.041013	-0.999128	-0.007847	0.968307	0.041682	-0.246261
58617	9.536030	-0.100574	-2.454549	-0.000531	0.002087	0.000204	0.246373	0.002480	0.969172	0.041003	-0.999128	-0.007867	0.968307	0.041677	-0.246260
58618	9.486617	-0.085251	-2.402613	-0.000685	-0.000946	-0.003551	0.246401	0.002497	0.969165	0.041001	-0.999128	-0.007850	0.968300	0.041671	-0.246288
58619	9.535092	-0.105821	-2.430781	-0.001827	0.000711	-0.001158	0.246413	0.002490	0.969162	0.040982	-0.999129	-0.007853	0.968298	0.041654	-0.246301
58620	9.507824	-0.066027	-2.422263	0.002518	0.002237	-0.003016	0.246410	0.002502	0.969162	0.041008	-0.999128	-0.007847	0.968298	0.041677	-0.246298
58621	9.541729	-0.072514	-2.422376	0.000611	0.000430	-0.002189	0.246425	0.002505	0.969159	0.041015	-0.999128	-0.007846	0.968294	0.041683	-0.246313
58622	9.520580	-0.091151	-2.402517	0.000040	0.001259	-0.000993	0.246432	0.002496	0.969157	0.041013	-0.999128	-0.007856	0.968292	0.041684	-0.246319
58623	9.541806	-0.072152	-2.422081	-0.001747	0.003228	-0.003143	0.246420	0.002508	0.969160	0.041000	-0.999128	-0.007839	0.968296	0.041668	-0.246308
58624	9.536294	-0.099101	-2.453583	0.001987	0.004325	-0.002812	0.246399	0.002516	0.969165	0.041023	-0.999127	-0.007836	0.968300	0.041689	-0.246287
58625	9.529246	-0.046126	-2.441085	-0.003123	-0.000666	-0.002520	0.246424	0.002523	0.969159	0.040995	-0.999129	-0.007823	0.968295	0.041658	-0.246313
58626	9.521733	-0.084602	-2.425490	-0.000571	0.000828	0.001197	0.246438	0.002492	0.969155	0.040982	-0.999129	-0.007851	0.968292	0.041653	-0.246325
58627	9.521783	-0.084481	-2.425298	-0.001747	0.003228	-0.003143	0.246425	0.002504	0.969159	0.040969	-0.999130	-0.007835	0.968295	0.041636	-0.246313
58628	9.508173	-0.064414	-2.420937	0.000611	0.000431	-0.002189	0.246441	0.002507	0.969155	0.040978	-0.999129	-0.007835	0.968291	0.041645	-0.246329
58629	9.522830	-0.078377	-2.448682	0.001947	0.003066	-0.001820	0.246431	0.002506	0.969157	0.040997	-0.999128	-0.007841	0.968293	0.041665	-0.246319
58630	9.521940	-0.083877	-2.424702	0.002518	0.002238	-0.003016	0.246428	0.002517	0.969158	0.041025	-0.999127	-0.007837	0.968292	0.041691	-0.246317
58631	9.521984	-0.083718	-2.424535	0.000040	0.001259	-0.000993	0.246436	0.002508	0.969156	0.041024	-0.999127	-0.007846	0.968290	0.041692	-0.246324
58632	9.527604	-0.056342	-2.392591	0.000611	0.000431	-0.002189	0.246451	0.002511	0.969152	0.041034	-0.999127	-0.007846	0.968286	0.041702	-0.246339
58633	9.522006	-0.083447	-2.424460	-0.001867	-0.000548	-0.000165	0.246477	0.002494	0.969146	0.041012	-0.999128	-0.007859	0.968281	0.041684	-0.246364
58634	9.536656	-0.097494	-2.452239	-0.000491	0.003346	-0.000789	0.246466	0.002483	0.969148	0.041005	-0.999128	-0.007868	0.968284	0.041679	-0.246353
58635	9.508443	-0.063388	-2.419903	0.000652	0.001689	-0.003182	0.246468	0.002496	0.969148	0.041015	-0.999128	-0.007858	0.968283	0.041686	-0.246356
58636	9.507541	-0.068847	-2.395965	-0.002358	0.002798	-0.000954	0.246461	0.002486	0.969150	0.040990	-0.999129	-0.007861	0.968285	0.041663	-0.246348
58637	9.521266	-0.088478	-2.399898	0.000080	0.002518	-0.001985	0.246456	0.002486	0.969151	0.040992	-0.999129	-0.007861	0.968287	0.041665	-0.246343
58638	9.508611	-0.062863	-2.419259	0.000040	0.001259	-0.000993	0.246464	0.002477	0.969149	0.040992	-0.999128	-0.007871	0.968285	0.041667	-0.246351
58639	9.502100	-0.095601	-2.427245	-0.001787	0.001969	-0.002151	0.246464	0.002480	0.969149	0.040976	-0.999129	-0.007864	0.968285	0.041650	-0.246351
58640	9.556241	-0.088956	-2.423307	0.000080	0.002518	-0.001985	0.246460	0.002481	0.969150	0.040976	-0.999129	-0.007863	0.968286	0.041650	-0.246347
58641	9.488551	-0.075370	-2.422636	-0.001787	0.001969	-0.002151	0.246460	0.002483	0.969150	0.040960	-0.999130	-0.007857	0.968287	0.041633	-0.246348
58642	9.536102	-0.101676	-2.426995	0.000572	-0.000828	-0.001196	0.246487	0.002477	0.969143	0.040965	-0.999130	-0.007865	0.968280	0.041639	-0.246374
58643	9.509781	-0.056247	-2.442184	0.001987	0.004325	-0.002812	0.246465	0.002485	0.969149	0.040987	-0.999129	-0.007862	0.968285	0.041660	-0.246352
58644	9.542771	-0.068373	-2.418386	-0.001786	0.001969	-0.002151	0.246464	0.002487	0.969149	0.040970	-0.999130	-0.007855	0.968285	0.041642	-0.246352
58645	9.528195	-0.054135	-2.390285	-0.000531	0.002087	0.000204	0.246464	0.002466	0.969149	0.040960	-0.999130	-0.007874	0.968286	0.041637	-0.246351
58646	9.502484	-0.094392	-2.425791	-0.000451	0.004605	-0.001781	0.246439	0.002464	0.969155	0.040957	-0.999130	-0.007875	0.968292	0.041634	-0.246326
58647	9.523744	-0.075417	-2.445219	0.000081	0.002518	-0.001985	0.246434	0.002464	0.969156	0.040958	-0.999130	-0.007875	0.968294	0.041636	-0.246321
58648	9.488951	-0.074128	-2.421109	0.001224	0.000862	-0.004378	0.246445	0.002489	0.969154	0.040978	-0.999129	-0.007854	0.968290	0.041650	-0.246332
58649	9.522862	-0.080744	-2.421186	0.000723	0.002205	0.002558	0.246445	0.002444	0.969154	0.040975	-0.999129	-0.007900	0.968290	0.041658	-0.246330
58650	9.508261	-0.066642	-2.393165	0.003051	0.000151	-0.003220	0.246463	0.002458	0.969149	0.041006	-0.999128	-0.007894	0.968284	0.041687	-0.246349
58651	9.522935	-0.080599	-2.420904	-0.000491	0.003346	-0.000789	0.246451	0.002446	0.969152	0.041000	-0.999128	-0.007904	0.968288	0.041683	-0.246336
58652	9.544170	-0.061746	-2.440424	0.001907	0.001808	-0.000827	0.246453	0.002435	0.969152	0.041018	-0.999127	-0.007920	0.968286	0.041705	-0.246337
58653	9.508428	-0.066235	-2.392513	-0.001746	0.003228	-0.003144	0.246440	0.002447	0.969155	0.041005	-0.999128	-0.007904	0.968290	0.041688	-0.246326
58654	9.508508	-0.066021	-2.392201	-0.000491	0.003346	-0.000789	0.246425	0.002436	0.969159	0.040994	-0.999128	-0.007912	0.968294	0.041680	-0.246310
58655	9.523211	-0.079981	-2.419840	0.002520	0.002239	-0.003016	0.246423	0.002447	0.969159	0.041022	-0.999127	-0.007908	0.968294	0.041705	-0.246308
58656	9.524205	-0.074064	-2.443463	-0.001255	-0.000118	-0.002355	0.246444	0.002452	0.969154	0.041012	-0.999127	-0.007901	0.968289	0.041694	-0.246330
58657	9.524261	-0.073846	-2.443250	-0.000451	0.004605	-0.001782	0.246419	0.002449	0.969160	0.041008	-0.999128	-0.007901	0.968295	0.041690	-0.246304
58658	9.489498	-0.072742	-2.419004	0.001907	0.001808	-0.000827	0.246421	0.002438	0.969160	0.041025	-0.999127	-0.007917	0.968294	0.041711	-0.246306
58659	9.544577	-0.060528	-2.438861	-0.001826	0.000710	-0.001159	0.246434	0.002431	0.969157	0.041006	-0.999128	-0.007920	0.968292	0.041693	-0.246319
58660	9.537112	-0.098924	-2.423136	0.002520	0.002239	-0.003016	0.246430	0.002442	0.969157	0.041033	-0.999126	-0.007916	0.968292	0.041718	-0.246315
58661	9.510799	-0.053458	-2.438279	0.000081	0.002518	-0.001985	0.246425	0.002443	0.969159	0.041034	-0.999126	-0.007915	0.968293	0.041719	-0.246310
58662	9.517008	-0.111666	-2.426720	-0.001826	0.000710	-0.001159	0.246438	0.002436	0.969155	0.041014	-0.999127	-0.007918	0.968290	0.041700	-0.246323
58663	9.524561	-0.072957	-2.442111	-0.000491	0.003346	-0.000789	0.246426	0.002424	0.969159	0.041007	-0.999127	-0.007927	0.968294	0.041696	-0.246310
58664	9.502468	-0.097311	-2.398434	-0.001826	0.000710	-0.001159	0.246439	0.002417	0.969155	0.040988	-0.999128	-0.007931	0.968291	0.041679	-0.246323
