// General information: 
//  MT Manager version: 2019.2.0 
//  XDA version: 2019.2.0 build 3853 rev 94535 built on 2019-09-09
// Device information: 
//  DeviceId: 00B43F80
//  ProductCode: MTW2-3A7G6
//  Firmware Version: 4.3.5
//  Hardware Version: 1.1.0
// Device settings: 
//  Filter Profile: human(46.1)
//  Option Flags: Orientation Smoother Disabled, AHS Disabled, ICC Disabled
// Coordinate system: ENU
PacketCounter	Acc_X	Acc_Y	Acc_Z	Gyr_X	Gyr_Y	Gyr_Z	Mat[1][1]	Mat[2][1]	Mat[3][1]	Mat[1][2]	Mat[2][2]	Mat[3][2]	Mat[1][3]	Mat[2][3]	Mat[3][3]
58398	9.457342	-1.153454	2.276176	0.003264	0.001547	0.004834	-0.255766	0.041555	0.965845	-0.574368	-0.810158	-0.117242	0.777615	-0.584737	0.231079
58399	9.455715	-1.158253	2.221845	0.003076	-0.001004	0.005613	-0.255766	0.041552	0.965845	-0.574369	-0.810156	-0.117245	0.777614	-0.584739	0.231077
58400	9.445833	-1.158009	2.254910	0.000758	-0.000014	0.007216	-0.255780	0.041541	0.965842	-0.574382	-0.810145	-0.117267	0.777600	-0.584756	0.231079
58401	9.457196	-1.154938	2.276032	0.005207	-0.004544	0.004790	-0.255748	0.041524	0.965851	-0.574368	-0.810155	-0.117257	0.777621	-0.584743	0.231046
58402	9.461348	-1.179208	2.277623	0.002203	-0.001061	0.002849	-0.255732	0.041543	0.965855	-0.574383	-0.810148	-0.117235	0.777615	-0.584752	0.231042
58403	9.453058	-1.131562	2.273928	0.003076	-0.001003	0.005614	-0.255732	0.041540	0.965855	-0.574385	-0.810147	-0.117238	0.777614	-0.584754	0.231040
58404	9.435919	-1.158844	2.287558	0.005467	0.000487	0.007684	-0.255756	0.041527	0.965849	-0.574363	-0.810159	-0.117257	0.777622	-0.584737	0.231055
58405	9.478248	-1.153863	2.264002	0.003076	-0.001003	0.005614	-0.255756	0.041524	0.965849	-0.574364	-0.810158	-0.117260	0.777621	-0.584739	0.231053
58406	9.452878	-1.133086	2.273916	0.003076	-0.001003	0.005614	-0.255757	0.041523	0.965849	-0.574364	-0.810157	-0.117262	0.777621	-0.584740	0.231053
58407	9.462654	-1.134366	2.240764	0.003075	-0.001003	0.005615	-0.255757	0.041520	0.965849	-0.574366	-0.810156	-0.117265	0.777620	-0.584742	0.231051
58408	9.456930	-1.157849	2.275658	0.006912	-0.000560	0.003317	-0.255747	0.041538	0.965851	-0.574344	-0.810176	-0.117237	0.777639	-0.584714	0.231057
58409	9.442961	-1.133543	2.306794	-0.002280	-0.002877	0.008607	-0.255749	0.041500	0.965852	-0.574379	-0.810144	-0.117281	0.777612	-0.584760	0.231030
58410	9.456861	-1.159024	2.275343	0.003075	-0.001003	0.005615	-0.255749	0.041497	0.965852	-0.574379	-0.810144	-0.117283	0.777612	-0.584760	0.231028
58411	9.456819	-1.159424	2.275315	0.005924	-0.000688	0.005005	-0.255748	0.041501	0.965852	-0.574360	-0.810159	-0.117274	0.777627	-0.584739	0.231033
58412	9.477948	-1.157150	2.263579	0.005466	0.000488	0.007686	-0.255769	0.041488	0.965847	-0.574335	-0.810174	-0.117290	0.777638	-0.584719	0.231045
58413	9.419993	-1.142704	2.264003	0.002544	-0.002306	0.004623	-0.255753	0.041485	0.965852	-0.574343	-0.810169	-0.117285	0.777638	-0.584726	0.231030
58414	9.494939	-1.131370	2.249863	0.003605	0.000303	0.006609	-0.255766	0.041483	0.965848	-0.574334	-0.810175	-0.117293	0.777640	-0.584719	0.231040
58415	9.428095	-1.191615	2.267720	0.003264	0.001549	0.004836	-0.255782	0.041501	0.965843	-0.574336	-0.810174	-0.117287	0.777634	-0.584718	0.231063
58416	9.480868	-1.107339	2.281329	0.004063	-0.000874	0.003929	-0.255772	0.041510	0.965845	-0.574335	-0.810176	-0.117274	0.777637	-0.584715	0.231061
58417	9.418148	-1.191639	2.300914	0.004477	0.000362	0.009375	-0.255805	0.041484	0.965838	-0.574316	-0.810185	-0.117310	0.777641	-0.584705	0.231074
58418	9.455495	-1.087009	2.291102	0.003800	-0.005906	0.001036	-0.255739	0.041490	0.965855	-0.574321	-0.810188	-0.117265	0.777659	-0.584700	0.231025
58419	9.458948	-1.191320	2.222658	0.001476	0.003845	0.007432	-0.255787	0.041501	0.965842	-0.574330	-0.810178	-0.117289	0.777636	-0.584713	0.231068
58420	9.448114	-1.115522	2.271602	0.002884	-0.003552	0.006397	-0.255773	0.041477	0.965847	-0.574331	-0.810176	-0.117300	0.777640	-0.584718	0.231043
58421	9.460407	-1.188023	2.276952	0.001744	0.000118	0.005532	-0.255781	0.041482	0.965844	-0.574343	-0.810167	-0.117305	0.777629	-0.584730	0.231050
58422	9.452148	-1.140472	2.273261	0.001213	-0.001187	0.004539	-0.255770	0.041484	0.965847	-0.574359	-0.810155	-0.117302	0.777620	-0.584745	0.231040
58423	9.466027	-1.165665	2.241976	0.002732	0.000245	0.003844	-0.255770	0.041503	0.965846	-0.574368	-0.810151	-0.117288	0.777614	-0.584750	0.231050
58424	9.452086	-1.141041	2.273234	0.008240	-0.001679	0.003405	-0.255750	0.041512	0.965851	-0.574333	-0.810181	-0.117257	0.777647	-0.584708	0.231045
58425	9.473229	-1.138899	2.261386	-0.001221	-0.000263	0.010596	-0.255784	0.041473	0.965844	-0.574355	-0.810156	-0.117318	0.777619	-0.584745	0.231045
58426	9.434865	-1.168844	2.286816	0.007898	-0.000434	0.001632	-0.255764	0.041505	0.965848	-0.574327	-0.810183	-0.117270	0.777646	-0.584706	0.231053
58427	9.484533	-1.136172	2.282620	-0.002624	-0.001626	0.006838	-0.255766	0.041489	0.965848	-0.574369	-0.810149	-0.117298	0.777614	-0.584754	0.231039
58428	9.455981	-1.167106	2.274871	0.006793	-0.000628	0.007775	-0.255781	0.041470	0.965845	-0.574336	-0.810170	-0.117313	0.777634	-0.584726	0.231044
58429	9.447721	-1.119722	2.271170	0.002084	-0.001127	0.007307	-0.255790	0.041453	0.965843	-0.574341	-0.810164	-0.117335	0.777627	-0.584736	0.231040
58430	9.465650	-1.169169	2.241741	0.003604	0.000305	0.006612	-0.255805	0.041447	0.965839	-0.574337	-0.810164	-0.117348	0.777625	-0.584736	0.231049
58431	9.490015	-1.115349	2.247508	0.002541	-0.002305	0.004626	-0.255789	0.041445	0.965844	-0.574345	-0.810159	-0.117342	0.777624	-0.584743	0.231034
58432	9.434562	-1.171856	2.286526	0.004592	0.000431	0.004924	-0.255792	0.041451	0.965843	-0.574335	-0.810167	-0.117336	0.777630	-0.584731	0.231042
58433	9.457356	-1.122379	2.237913	0.002541	-0.002305	0.004626	-0.255777	0.041449	0.965847	-0.574343	-0.810162	-0.117331	0.777630	-0.584738	0.231026
58434	9.451592	-1.145958	2.272810	0.000414	0.001238	0.005448	-0.255791	0.041457	0.965843	-0.574366	-0.810145	-0.117340	0.777608	-0.584762	0.231040
58435	9.472712	-1.143854	2.261051	0.003944	-0.000940	0.008386	-0.255808	0.041432	0.965839	-0.574354	-0.810150	-0.117367	0.777612	-0.584757	0.231039
58436	9.455538	-1.171143	2.274637	0.003072	-0.000999	0.005620	-0.255806	0.041429	0.965840	-0.574352	-0.810151	-0.117368	0.777614	-0.584756	0.231036
58437	9.472620	-1.144810	2.260952	0.004060	-0.000873	0.003931	-0.255798	0.041440	0.965842	-0.574350	-0.810155	-0.117353	0.777618	-0.584750	0.231037
58438	9.461159	-1.148806	2.239720	0.002274	0.001425	0.006527	-0.255822	0.041442	0.965835	-0.574357	-0.810147	-0.117369	0.777605	-0.584760	0.231056
58439	9.430063	-1.151162	2.284708	0.001743	0.000120	0.005534	-0.255830	0.041446	0.965833	-0.574369	-0.810138	-0.117374	0.777593	-0.584772	0.231063
58440	9.461010	-1.149897	2.239790	0.002083	-0.001125	0.007309	-0.255837	0.041429	0.965832	-0.574371	-0.810134	-0.117393	0.777590	-0.584779	0.231057
58441	9.439818	-1.152965	2.251356	0.004326	-0.004602	0.002032	-0.255788	0.041434	0.965845	-0.574371	-0.810139	-0.117359	0.777605	-0.584772	0.231022
58442	9.462655	-1.146076	2.293630	0.005728	-0.003237	0.005793	-0.255775	0.041417	0.965849	-0.574355	-0.810150	-0.117360	0.777622	-0.584758	0.231004
58443	9.425920	-1.128926	2.282242	0.001285	0.001300	0.008216	-0.255808	0.041406	0.965840	-0.574364	-0.810139	-0.117392	0.777604	-0.584773	0.231022
58444	9.476407	-1.172193	2.262292	0.001551	-0.002429	0.006317	-0.255797	0.041385	0.965844	-0.574373	-0.810131	-0.117405	0.777601	-0.584787	0.230999
58445	9.451087	-1.151408	2.272158	0.001742	0.000121	0.005535	-0.255805	0.041389	0.965842	-0.574385	-0.810122	-0.117410	0.777590	-0.584799	0.231007
58446	9.468170	-1.125159	2.258478	0.001211	-0.001184	0.004542	-0.255797	0.041394	0.965844	-0.574403	-0.810109	-0.117407	0.777579	-0.584816	0.231000
58447	9.441191	-1.151350	2.305217	0.004591	0.000432	0.004926	-0.255804	0.041405	0.965841	-0.574394	-0.810117	-0.117400	0.777583	-0.584805	0.231014
58448	9.481946	-1.150840	2.227245	0.003071	-0.000998	0.005622	-0.255804	0.041400	0.965842	-0.574394	-0.810116	-0.117404	0.777583	-0.584806	0.231010
58449	9.418293	-1.159284	2.262648	0.002731	0.000246	0.003847	-0.255803	0.041419	0.965841	-0.574403	-0.810112	-0.117390	0.777577	-0.584811	0.231020
58450	9.485922	-1.175671	2.229057	0.000222	-0.001309	0.006232	-0.255801	0.041407	0.965842	-0.574423	-0.810095	-0.117405	0.777563	-0.584834	0.231008
58451	9.458197	-1.126215	2.291321	0.001136	-0.003669	0.000868	-0.255753	0.041427	0.965854	-0.574451	-0.810081	-0.117366	0.777558	-0.584853	0.230978
58452	9.450871	-1.154077	2.271701	0.004930	-0.000812	0.006701	-0.255759	0.041414	0.965853	-0.574435	-0.810091	-0.117375	0.777568	-0.584839	0.230978
58453	9.489180	-1.125162	2.246140	0.002538	-0.002303	0.004629	-0.255743	0.041412	0.965857	-0.574443	-0.810086	-0.117370	0.777567	-0.584846	0.230962
58454	9.425561	-1.133535	2.281439	0.004059	-0.000873	0.003934	-0.255731	0.041424	0.965860	-0.574435	-0.810095	-0.117350	0.777577	-0.584834	0.230962
58455	9.464661	-1.180204	2.240137	0.003409	-0.002242	0.007398	-0.255732	0.041400	0.965861	-0.574429	-0.810096	-0.117369	0.777581	-0.584834	0.230949
58456	9.436903	-1.130970	2.302482	0.006257	-0.001931	0.006788	-0.255734	0.041384	0.965861	-0.574403	-0.810114	-0.117375	0.777600	-0.584810	0.230945
58457	9.471923	-1.153655	2.259376	-0.000118	-0.000064	0.004457	-0.255735	0.041396	0.965860	-0.574432	-0.810094	-0.117375	0.777578	-0.584837	0.230949
58458	9.454709	-1.180737	2.273123	0.003262	0.001552	0.004840	-0.255748	0.041411	0.965856	-0.574434	-0.810092	-0.117371	0.777572	-0.584838	0.230968
58459	9.479172	-1.126765	2.278864	0.004854	-0.003297	0.003028	-0.255716	0.041416	0.965865	-0.574428	-0.810100	-0.117345	0.777587	-0.584827	0.230946
58460	9.439235	-1.160974	2.249686	0.004736	-0.003360	0.007486	-0.255707	0.041383	0.965868	-0.574410	-0.810111	-0.117361	0.777604	-0.584814	0.230922
58461	9.469364	-1.126702	2.311592	0.002730	0.000247	0.003848	-0.255706	0.041402	0.965868	-0.574418	-0.810107	-0.117348	0.777598	-0.584819	0.230932
58462	9.429365	-1.160981	2.282619	0.003408	-0.002240	0.007400	-0.255702	0.041372	0.965870	-0.574411	-0.810109	-0.117368	0.777604	-0.584818	0.230910
58463	9.496233	-1.101944	2.264655	0.003069	-0.000997	0.005624	-0.255702	0.041368	0.965870	-0.574413	-0.810107	-0.117371	0.777603	-0.584820	0.230908
58464	9.439067	-1.162901	2.249395	0.001741	0.000123	0.005538	-0.255709	0.041372	0.965868	-0.574424	-0.810099	-0.117376	0.777592	-0.584832	0.230914
58465	9.446389	-1.135634	2.268808	0.008233	-0.001682	0.003412	-0.255691	0.041383	0.965873	-0.574391	-0.810127	-0.117346	0.777623	-0.584793	0.230912
58466	9.464261	-1.184914	2.239340	0.000220	-0.001306	0.006234	-0.255692	0.041372	0.965873	-0.574415	-0.810107	-0.117363	0.777604	-0.584821	0.230903
58467	9.425108	-1.139297	2.280442	0.003939	-0.000934	0.008394	-0.255709	0.041347	0.965869	-0.574403	-0.810112	-0.117391	0.777608	-0.584816	0.230903
58468	9.492690	-1.155981	2.246840	-0.001107	-0.000186	0.006148	-0.255717	0.041343	0.965867	-0.574438	-0.810084	-0.117410	0.777580	-0.584854	0.230901
58469	9.446195	-1.137674	2.268594	0.006906	-0.000562	0.003326	-0.255707	0.041361	0.965869	-0.574415	-0.810104	-0.117382	0.777600	-0.584825	0.230908
58470	9.467344	-1.135431	2.256802	0.000752	0.000000	0.007228	-0.255725	0.041350	0.965865	-0.574431	-0.810089	-0.117407	0.777582	-0.584846	0.230913
58471	9.450129	-1.162563	2.270460	0.004057	-0.000872	0.003936	-0.255716	0.041361	0.965867	-0.574429	-0.810093	-0.117391	0.777587	-0.584841	0.230913
58472	9.467228	-1.136348	2.256824	0.005459	0.000496	0.007698	-0.255740	0.041349	0.965861	-0.574408	-0.810105	-0.117411	0.777594	-0.584825	0.230928
58473	9.445976	-1.139430	2.268625	0.005384	-0.001991	0.004023	-0.255724	0.041353	0.965865	-0.574396	-0.810116	-0.117393	0.777609	-0.584809	0.230919
58474	9.434520	-1.143386	2.247336	0.000414	0.001244	0.005452	-0.255740	0.041366	0.965860	-0.574416	-0.810101	-0.117399	0.777588	-0.584829	0.230937
58475	9.438532	-1.167733	2.249136	0.004851	-0.003297	0.003031	-0.255708	0.041370	0.965869	-0.574410	-0.810109	-0.117373	0.777603	-0.584818	0.230914
58476	9.463091	-1.113780	2.254655	0.002535	-0.002300	0.004633	-0.255690	0.041367	0.965873	-0.574417	-0.810105	-0.117366	0.777604	-0.584823	0.230898
58477	9.475164	-1.186230	2.260180	0.001741	0.000125	0.005539	-0.255699	0.041371	0.965871	-0.574429	-0.810096	-0.117372	0.777592	-0.584836	0.230905
58478	9.430393	-1.120904	2.245088	0.003067	-0.000995	0.005627	-0.255696	0.041367	0.965872	-0.574428	-0.810096	-0.117374	0.777594	-0.584836	0.230901
58479	9.475051	-1.187179	2.260154	0.001740	0.000125	0.005540	-0.255704	0.041371	0.965869	-0.574440	-0.810087	-0.117379	0.777582	-0.584848	0.230908
58480	9.455521	-1.143215	2.235118	0.003067	-0.000995	0.005627	-0.255704	0.041368	0.965870	-0.574438	-0.810088	-0.117380	0.777584	-0.584846	0.230906
58481	9.455475	-1.143659	2.235085	-0.000119	-0.000060	0.004460	-0.255704	0.041380	0.965869	-0.574467	-0.810068	-0.117379	0.777562	-0.584874	0.230909
58482	9.449667	-1.167113	2.270049	0.005915	-0.000686	0.005017	-0.255703	0.041384	0.965869	-0.574447	-0.810083	-0.117369	0.777577	-0.584852	0.230914
58483	9.478229	-1.137176	2.277615	0.002197	-0.001057	0.002857	-0.255687	0.041403	0.965873	-0.574462	-0.810076	-0.117348	0.777571	-0.584862	0.230910
58484	9.417026	-1.174063	2.260299	0.003210	-0.004785	0.008189	-0.255669	0.041353	0.965880	-0.574456	-0.810076	-0.117377	0.777582	-0.584865	0.230867
58485	9.458756	-1.093781	2.252101	0.003067	-0.000994	0.005628	-0.255669	0.041350	0.965880	-0.574458	-0.810074	-0.117380	0.777581	-0.584867	0.230865
58486	9.439784	-1.167904	2.302649	0.004588	0.000434	0.004931	-0.255673	0.041357	0.965878	-0.574448	-0.810082	-0.117373	0.777587	-0.584856	0.230874
58487	9.505101	-1.113314	2.230314	0.002534	-0.002299	0.004635	-0.255657	0.041355	0.965883	-0.574456	-0.810077	-0.117368	0.777586	-0.584863	0.230858
58488	9.449523	-1.169549	2.269394	0.004055	-0.000871	0.003938	-0.255650	0.041365	0.965884	-0.574458	-0.810078	-0.117355	0.777587	-0.584861	0.230859
58489	9.458651	-1.095229	2.251840	0.002534	-0.002299	0.004635	-0.255634	0.041362	0.965888	-0.574466	-0.810073	-0.117349	0.777586	-0.584868	0.230843
58490	9.445443	-1.146253	2.267405	0.003261	0.001555	0.004844	-0.255648	0.041381	0.965884	-0.574463	-0.810076	-0.117341	0.777584	-0.584863	0.230866
58491	9.456834	-1.142958	2.288651	0.004849	-0.003297	0.003033	-0.255615	0.041386	0.965892	-0.574457	-0.810084	-0.117315	0.777599	-0.584851	0.230844
58492	9.459210	-1.171904	2.235981	0.002077	-0.001116	0.007319	-0.255623	0.041367	0.965891	-0.574463	-0.810077	-0.117337	0.777592	-0.584863	0.230838
58493	9.466561	-1.144876	2.255314	0.003066	-0.000993	0.005629	-0.255623	0.041364	0.965891	-0.574464	-0.810075	-0.117341	0.777591	-0.584865	0.230836
58494	9.481939	-1.165722	2.278492	0.004588	0.000435	0.004932	-0.255629	0.041372	0.965889	-0.574459	-0.810079	-0.117336	0.777593	-0.584859	0.230846
58495	9.428080	-1.174907	2.280798	0.002533	-0.002299	0.004636	-0.255613	0.041370	0.965894	-0.574467	-0.810075	-0.117331	0.777592	-0.584866	0.230831
58496	9.462378	-1.122199	2.253473	0.004664	0.002925	0.008608	-0.255658	0.041364	0.965882	-0.574445	-0.810086	-0.117357	0.777594	-0.584849	0.230866
58497	9.470317	-1.170701	2.257340	0.005381	-0.001991	0.004027	-0.255641	0.041368	0.965886	-0.574433	-0.810098	-0.117339	0.777608	-0.584833	0.230857
58498	9.483503	-1.120471	2.241541	0.002869	-0.003540	0.006415	-0.255627	0.041345	0.965891	-0.574430	-0.810099	-0.117349	0.777615	-0.584834	0.230833
58499	9.423885	-1.152758	2.278729	0.005913	-0.000685	0.005020	-0.255626	0.041349	0.965891	-0.574411	-0.810114	-0.117339	0.777630	-0.584813	0.230837
58500	9.466237	-1.147949	2.255110	0.001739	0.000128	0.005542	-0.255632	0.041349	0.965890	-0.574424	-0.810103	-0.117347	0.777618	-0.584828	0.230840
58501	9.462759	-1.200030	2.237635	0.001739	0.000128	0.005542	-0.255640	0.041353	0.965887	-0.574436	-0.810093	-0.117352	0.777606	-0.584841	0.230847
58502	9.462116	-1.124980	2.253186	0.003401	-0.002234	0.007409	-0.255639	0.041328	0.965889	-0.574427	-0.810098	-0.117370	0.777613	-0.584837	0.230832
58503	9.433477	-1.155675	2.245432	0.002532	-0.002298	0.004638	-0.255623	0.041325	0.965893	-0.574435	-0.810093	-0.117365	0.777613	-0.584844	0.230817
58504	9.452319	-1.124954	2.285883	-0.000316	-0.002605	0.005248	-0.255609	0.041316	0.965897	-0.574464	-0.810071	-0.117373	0.777595	-0.584875	0.230796
58505	9.479861	-1.175423	2.223282	0.006249	-0.001926	0.006800	-0.255609	0.041298	0.965898	-0.574438	-0.810088	-0.117380	0.777615	-0.584852	0.230789
58506	9.452242	-1.125959	2.285708	0.000413	0.001249	0.005455	-0.255626	0.041307	0.965893	-0.574462	-0.810070	-0.117390	0.777592	-0.584877	0.230804
58507	9.465993	-1.151287	2.254432	0.004846	-0.003296	0.003036	-0.255593	0.041311	0.965901	-0.574456	-0.810078	-0.117363	0.777607	-0.584865	0.230782
58508	9.456193	-1.150670	2.287438	0.003597	0.000315	0.006624	-0.255608	0.041309	0.965898	-0.574448	-0.810082	-0.117373	0.777608	-0.584859	0.230793
58509	9.456134	-1.151254	2.287387	0.003400	-0.002233	0.007411	-0.255608	0.041284	0.965899	-0.574442	-0.810084	-0.117392	0.777612	-0.584859	0.230779
58510	9.469862	-1.176709	2.256122	0.002728	0.000250	0.003853	-0.255608	0.041302	0.965898	-0.574450	-0.810080	-0.117379	0.777607	-0.584863	0.230789
58511	9.419392	-1.134248	2.276120	0.005119	0.001742	0.005927	-0.255631	0.041313	0.965891	-0.574434	-0.810091	-0.117380	0.777610	-0.584847	0.230816
58512	9.444504	-1.156210	2.266263	0.002074	-0.001112	0.007323	-0.255639	0.041293	0.965890	-0.574441	-0.810082	-0.117404	0.777603	-0.584860	0.230809
58513	9.451869	-1.129155	2.285671	0.006444	0.000622	0.006016	-0.255654	0.041296	0.965886	-0.574415	-0.810101	-0.117403	0.777617	-0.584834	0.230827
58514	9.473612	-1.202579	2.258044	0.001800	-0.006150	0.004434	-0.255601	0.041338	0.965898	-0.574284	-0.810210	-0.117295	0.777731	-0.584681	0.230830
58515	9.429036	-1.136968	2.242708	0.002392	0.001492	0.002074	-0.255600	0.041378	0.965897	-0.574300	-0.810203	-0.117266	0.777720	-0.584687	0.230852
58516	9.440397	-1.133875	2.264016	0.001084	-0.001232	0.009015	-0.255617	0.041343	0.965894	-0.574310	-0.810189	-0.117308	0.777707	-0.584709	0.230842
58517	9.458082	-1.183476	2.234660	0.005911	-0.000684	0.005023	-0.255616	0.041347	0.965894	-0.574291	-0.810204	-0.117299	0.777721	-0.584688	0.230846
58518	9.472896	-1.128753	2.273499	0.002271	0.001437	0.006538	-0.255638	0.041352	0.965888	-0.574291	-0.810202	-0.117309	0.777714	-0.584690	0.230867
58519	9.479137	-1.181696	2.223042	0.003717	0.000371	0.002163	-0.255629	0.041385	0.965889	-0.574297	-0.810203	-0.117277	0.777713	-0.584686	0.230879
58520	9.447606	-1.107956	2.283551	0.003063	-0.000990	0.005634	-0.255628	0.041381	0.965889	-0.574290	-0.810208	-0.117278	0.777718	-0.584680	0.230876
58521	9.480686	-1.177920	2.277434	0.003596	0.000316	0.006627	-0.255644	0.041378	0.965885	-0.574285	-0.810210	-0.117289	0.777717	-0.584677	0.230888
58522	9.411395	-1.166598	2.256629	0.002194	-0.001055	0.002861	-0.255626	0.041397	0.965889	-0.574295	-0.810206	-0.117265	0.777714	-0.584682	0.230884
58523	9.455472	-1.157127	2.287160	0.001996	-0.003602	0.003648	-0.255595	0.041394	0.965897	-0.574310	-0.810197	-0.117252	0.777714	-0.584694	0.230856
58524	9.474978	-1.159597	2.220904	0.004129	0.001623	0.007620	-0.255629	0.041391	0.965888	-0.574297	-0.810204	-0.117272	0.777712	-0.584685	0.230882
58525	9.435976	-1.113655	2.262073	0.001204	-0.001175	0.004553	-0.255622	0.041396	0.965890	-0.574316	-0.810191	-0.117269	0.777701	-0.584702	0.230877
58526	9.463286	-1.206523	2.290818	0.002529	-0.002296	0.004642	-0.255602	0.041391	0.965896	-0.574330	-0.810182	-0.117264	0.777697	-0.584716	0.230856
58527	9.447363	-1.110902	2.283126	0.001737	0.000131	0.005546	-0.255610	0.041395	0.965893	-0.574341	-0.810173	-0.117270	0.777686	-0.584728	0.230863
58528	9.490195	-1.181716	2.243989	0.005574	0.000557	0.003245	-0.255608	0.041421	0.965893	-0.574324	-0.810189	-0.117242	0.777699	-0.584703	0.230880
58529	9.435851	-1.115092	2.261889	0.002528	-0.002295	0.004642	-0.255592	0.041418	0.965897	-0.574332	-0.810184	-0.117237	0.777699	-0.584710	0.230864
58530	9.464972	-1.160975	2.253751	0.003062	-0.000989	0.005635	-0.255593	0.041415	0.965897	-0.574333	-0.810183	-0.117241	0.777697	-0.584713	0.230863
58531	9.439757	-1.139990	2.263613	0.003062	-0.000989	0.005635	-0.255594	0.041412	0.965897	-0.574335	-0.810181	-0.117244	0.777696	-0.584715	0.230861
58532	9.468386	-1.110298	2.271093	0.003061	-0.000989	0.005635	-0.255593	0.041408	0.965897	-0.574330	-0.810185	-0.117245	0.777700	-0.584711	0.230860
58533	9.459035	-1.185366	2.288585	0.003061	-0.000989	0.005636	-0.255593	0.041405	0.965897	-0.574331	-0.810183	-0.117248	0.777699	-0.584713	0.230858
58534	9.460824	-1.138829	2.251656	0.001737	0.000132	0.005547	-0.255600	0.041406	0.965896	-0.574343	-0.810174	-0.117255	0.777688	-0.584726	0.230862
58535	9.443527	-1.165816	2.265410	0.005909	-0.000683	0.005026	-0.255599	0.041410	0.965896	-0.574324	-0.810189	-0.117245	0.777703	-0.584705	0.230866
58536	9.460736	-1.139556	2.251657	0.004051	-0.000869	0.003945	-0.255588	0.041419	0.965898	-0.574324	-0.810191	-0.117231	0.777706	-0.584701	0.230863
58537	9.464683	-1.163903	2.253456	0.002527	-0.002294	0.004643	-0.255572	0.041416	0.965902	-0.574332	-0.810186	-0.117226	0.777705	-0.584708	0.230847
58538	9.439456	-1.143007	2.263348	0.001280	0.001320	0.008232	-0.255603	0.041404	0.965895	-0.574339	-0.810176	-0.117257	0.777690	-0.584722	0.230863
58539	9.464575	-1.164933	2.253374	0.004841	-0.003296	0.003042	-0.255570	0.041408	0.965903	-0.574333	-0.810184	-0.117231	0.777706	-0.584711	0.230841
58540	9.423993	-1.123485	2.240001	0.002605	0.000200	0.008321	-0.255594	0.041389	0.965898	-0.574331	-0.810181	-0.117262	0.777699	-0.584717	0.230848
58541	9.475920	-1.162395	2.274493	0.004384	-0.002108	0.005726	-0.255586	0.041378	0.965900	-0.574322	-0.810187	-0.117263	0.777708	-0.584709	0.230837
58542	9.450740	-1.141288	2.284315	0.004050	-0.000869	0.003946	-0.255578	0.041389	0.965902	-0.574326	-0.810186	-0.117250	0.777708	-0.584709	0.230837
58543	9.443230	-1.169225	2.264894	0.001202	-0.001173	0.004555	-0.255571	0.041394	0.965904	-0.574345	-0.810174	-0.117247	0.777697	-0.584727	0.230831
58544	9.460445	-1.142956	2.251158	0.005573	0.000557	0.003247	-0.255570	0.041420	0.965903	-0.574329	-0.810188	-0.117220	0.777708	-0.584704	0.230849
58545	9.460395	-1.143260	2.251213	-0.000122	-0.000052	0.004466	-0.255571	0.041432	0.965902	-0.574358	-0.810168	-0.117219	0.777686	-0.584732	0.230852
58546	9.468229	-1.191797	2.255056	0.006775	-0.000616	0.007803	-0.255587	0.041415	0.965899	-0.574325	-0.810190	-0.117234	0.777706	-0.584703	0.230860
58547	9.435081	-1.122956	2.261209	0.001280	0.001322	0.008233	-0.255620	0.041404	0.965890	-0.574333	-0.810179	-0.117266	0.777689	-0.584718	0.230878
58548	9.450370	-1.144010	2.284485	0.001736	0.000134	0.005549	-0.255631	0.041410	0.965887	-0.574346	-0.810169	-0.117272	0.777675	-0.584732	0.230888
58549	9.456139	-1.121509	2.249452	0.003059	-0.000987	0.005638	-0.255631	0.041407	0.965887	-0.574348	-0.810167	-0.117275	0.777674	-0.584734	0.230886
58550	9.460037	-1.145971	2.251340	-0.000122	-0.000051	0.004466	-0.255631	0.041418	0.965887	-0.574373	-0.810150	-0.117273	0.777656	-0.584758	0.230889
58551	9.475362	-1.166885	2.274518	0.004917	-0.000801	0.006721	-0.255639	0.041408	0.965885	-0.574357	-0.810160	-0.117282	0.777665	-0.584745	0.230891
58552	9.428955	-1.148346	2.296275	0.002725	0.000253	0.003857	-0.255636	0.041426	0.965885	-0.574366	-0.810156	-0.117268	0.777659	-0.584749	0.230899
58553	9.434692	-1.125820	2.261407	0.000946	0.002563	0.006452	-0.255669	0.041438	0.965876	-0.574382	-0.810142	-0.117283	0.777637	-0.584767	0.230929
58554	9.471172	-1.144377	2.272874	0.003926	-0.000919	0.008414	-0.255685	0.041412	0.965873	-0.574369	-0.810147	-0.117311	0.777641	-0.584762	0.230929
58555	9.471154	-1.144820	2.272725	0.004838	-0.003296	0.003044	-0.255652	0.041417	0.965881	-0.574363	-0.810155	-0.117285	0.777656	-0.584751	0.230907
58556	9.459709	-1.148700	2.251324	-0.000122	-0.000050	0.004467	-0.255652	0.041430	0.965881	-0.574393	-0.810135	-0.117282	0.777634	-0.584778	0.230910
58557	9.427033	-1.155127	2.241846	0.002191	-0.001054	0.002865	-0.255636	0.041450	0.965884	-0.574408	-0.810127	-0.117260	0.777628	-0.584787	0.230907
58558	9.471074	-1.145830	2.272551	0.003592	0.000321	0.006633	-0.255654	0.041446	0.965880	-0.574405	-0.810127	-0.117273	0.777625	-0.584788	0.230919
58559	9.457903	-1.154517	2.196901	0.001201	-0.001171	0.004557	-0.255646	0.041451	0.965881	-0.574424	-0.810114	-0.117270	0.777613	-0.584805	0.230913
58560	9.455602	-1.126249	2.249342	0.004582	0.000439	0.004941	-0.255653	0.041464	0.965879	-0.574413	-0.810123	-0.117260	0.777619	-0.584791	0.230928
58561	9.463410	-1.174781	2.253158	0.003391	-0.002225	0.007423	-0.255654	0.041439	0.965880	-0.574407	-0.810125	-0.117280	0.777623	-0.584791	0.230914
58562	9.451564	-1.103291	2.247350	0.000411	0.001257	0.005460	-0.255671	0.041450	0.965875	-0.574434	-0.810104	-0.117290	0.777597	-0.584819	0.230931
58563	9.474718	-1.172257	2.274435	0.003058	-0.000985	0.005641	-0.255672	0.041447	0.965875	-0.574436	-0.810102	-0.117293	0.777596	-0.584821	0.230929
58564	9.422743	-1.134262	2.239828	0.004048	-0.000868	0.003949	-0.255664	0.041458	0.965876	-0.574441	-0.810100	-0.117281	0.777595	-0.584824	0.230928
58565	9.491935	-1.146552	2.260524	0.003390	-0.002224	0.007423	-0.255665	0.041433	0.965877	-0.574435	-0.810102	-0.117300	0.777599	-0.584824	0.230915
58566	9.438007	-1.155690	2.262948	0.005116	0.001746	0.005935	-0.255685	0.041441	0.965872	-0.574417	-0.810115	-0.117301	0.777606	-0.584805	0.230939
58567	9.466662	-1.126036	2.270534	0.003057	-0.000985	0.005641	-0.255685	0.041438	0.965872	-0.574418	-0.810113	-0.117304	0.777605	-0.584807	0.230937
58568	9.449316	-1.153150	2.284249	0.003924	-0.000916	0.008417	-0.255699	0.041411	0.965869	-0.574399	-0.810123	-0.117330	0.777614	-0.584795	0.230934
58569	9.433916	-1.133252	2.260934	0.002522	-0.002292	0.004649	-0.255683	0.041408	0.965873	-0.574407	-0.810118	-0.117324	0.777614	-0.584802	0.230919
58570	9.474312	-1.175735	2.274333	0.001480	0.003873	0.007447	-0.255730	0.041419	0.965861	-0.574415	-0.810109	-0.117347	0.777592	-0.584814	0.230961
58571	9.470370	-1.152058	2.272333	0.003766	-0.005910	0.001061	-0.255665	0.041424	0.965877	-0.574422	-0.810110	-0.117304	0.777608	-0.584812	0.230912
58572	9.458941	-1.155837	2.250901	0.003258	0.001561	0.004852	-0.255681	0.041444	0.965873	-0.574428	-0.810107	-0.117300	0.777599	-0.584815	0.230935
58573	9.470307	-1.152633	2.272307	0.004581	0.000440	0.004943	-0.255688	0.041455	0.965870	-0.574419	-0.810114	-0.117292	0.777603	-0.584804	0.230949
58574	9.458827	-1.156586	2.250995	0.002522	-0.002291	0.004650	-0.255673	0.041453	0.965874	-0.574426	-0.810110	-0.117287	0.777603	-0.584811	0.230935
58575	9.437576	-1.159548	2.262772	0.003591	0.000323	0.006636	-0.255689	0.041449	0.965870	-0.574421	-0.810112	-0.117298	0.777601	-0.584808	0.230946
58576	9.458729	-1.157405	2.250986	0.006894	-0.000565	0.003341	-0.255680	0.041470	0.965872	-0.574397	-0.810133	-0.117268	0.777622	-0.584777	0.230955
58577	9.458640	-1.158062	2.251021	0.002476	0.000160	0.012798	-0.255731	0.041415	0.965861	-0.574385	-0.810132	-0.117342	0.777614	-0.584783	0.230964
58578	9.454670	-1.134547	2.249087	0.004170	-0.000820	-0.000518	-0.255697	0.041464	0.965867	-0.574389	-0.810137	-0.117280	0.777622	-0.584772	0.230966
58579	9.454621	-1.134851	2.249142	0.001277	0.001329	0.008239	-0.255730	0.041454	0.965859	-0.574397	-0.810127	-0.117313	0.777605	-0.584787	0.230985
58580	9.427490	-1.160696	2.296084	0.005036	-0.000751	0.002258	-0.255713	0.041478	0.965863	-0.574396	-0.810132	-0.117281	0.777612	-0.584778	0.230986
58581	9.465977	-1.131978	2.270434	0.003055	-0.000983	0.005644	-0.255713	0.041475	0.965863	-0.574397	-0.810131	-0.117285	0.777611	-0.584780	0.230984
58582	9.437160	-1.162572	2.262956	0.003590	0.000324	0.006637	-0.255727	0.041468	0.965859	-0.574392	-0.810133	-0.117298	0.777610	-0.584778	0.230992
58583	9.433176	-1.139095	2.261083	0.003590	0.000324	0.006637	-0.255743	0.041465	0.965855	-0.574387	-0.810135	-0.117309	0.777609	-0.584775	0.231003
58584	9.479449	-1.158555	2.239330	0.005368	-0.001989	0.004043	-0.255724	0.041467	0.965860	-0.574372	-0.810148	-0.117291	0.777626	-0.584757	0.230991
58585	9.486941	-1.131602	2.258567	-0.001239	-0.000208	0.010633	-0.255759	0.041428	0.965853	-0.574394	-0.810124	-0.117352	0.777598	-0.584794	0.230992
58586	9.454262	-1.138087	2.249016	0.006813	-0.003064	-0.000336	-0.255709	0.041463	0.965864	-0.574381	-0.810142	-0.117288	0.777624	-0.584766	0.230976
58587	9.458131	-1.162392	2.250929	0.001277	0.001331	0.008240	-0.255743	0.041453	0.965856	-0.574390	-0.810131	-0.117320	0.777607	-0.584782	0.230995
58588	9.479255	-1.160523	2.239133	0.003054	-0.000982	0.005645	-0.255743	0.041451	0.965856	-0.574390	-0.810131	-0.117321	0.777606	-0.584782	0.230995
58589	9.429032	-1.117853	2.258787	0.002520	-0.002290	0.004652	-0.255728	0.041448	0.965860	-0.574398	-0.810126	-0.117316	0.777606	-0.584789	0.230980
58590	9.448239	-1.162661	2.283883	0.002723	0.000255	0.003861	-0.255728	0.041468	0.965859	-0.574409	-0.810120	-0.117303	0.777597	-0.584796	0.230990
58591	9.465490	-1.136589	2.270159	0.003589	0.000325	0.006639	-0.255744	0.041465	0.965855	-0.574404	-0.810122	-0.117315	0.777596	-0.584793	0.231001
58592	9.423035	-1.142076	2.293720	0.002850	-0.003527	0.006437	-0.255730	0.041441	0.965860	-0.574405	-0.810120	-0.117326	0.777600	-0.584798	0.230976
58593	9.459603	-1.160267	2.304905	0.007347	-0.001758	0.000658	-0.255696	0.041474	0.965867	-0.574385	-0.810141	-0.117271	0.777625	-0.584766	0.230972
58594	9.454015	-1.141117	2.248519	0.003054	-0.000981	0.005646	-0.255695	0.041469	0.965868	-0.574387	-0.810139	-0.117276	0.777624	-0.584769	0.230968
58595	9.448060	-1.164633	2.283616	0.001276	0.001333	0.008241	-0.255729	0.041458	0.965859	-0.574396	-0.810129	-0.117308	0.777607	-0.584784	0.230986
58596	9.457731	-1.166357	2.250557	0.003054	-0.000981	0.005647	-0.255727	0.041455	0.965860	-0.574399	-0.810126	-0.117311	0.777605	-0.584788	0.230983
58597	9.472811	-1.111653	2.289176	0.003588	0.000326	0.006640	-0.255743	0.041451	0.965856	-0.574393	-0.810128	-0.117322	0.777604	-0.584785	0.230994
58598	9.471226	-1.192524	2.219473	0.001732	0.000141	0.005556	-0.255753	0.041457	0.965853	-0.574402	-0.810121	-0.117326	0.777594	-0.584794	0.231004
58599	9.411259	-1.148710	2.272264	0.002518	-0.002289	0.004654	-0.255738	0.041455	0.965857	-0.574410	-0.810117	-0.117321	0.777593	-0.584801	0.230989
58600	9.474871	-1.141726	2.236602	0.001197	-0.001166	0.004563	-0.255731	0.041461	0.965858	-0.574433	-0.810100	-0.117319	0.777578	-0.584823	0.230985
58601	9.472815	-1.189068	2.273637	0.006435	0.000627	0.006032	-0.255747	0.041464	0.965854	-0.574407	-0.810119	-0.117318	0.777592	-0.584797	0.231002
58602	9.438192	-1.124561	2.225400	0.003257	0.001564	0.004856	-0.255766	0.041485	0.965848	-0.574409	-0.810118	-0.117313	0.777585	-0.584797	0.231030
58603	9.464950	-1.141706	2.269844	0.004830	-0.003296	0.003053	-0.255733	0.041489	0.965857	-0.574403	-0.810126	-0.117287	0.777600	-0.584786	0.231008
58604	9.443711	-1.144613	2.281582	0.002597	0.000213	0.008334	-0.255759	0.041474	0.965850	-0.574398	-0.810126	-0.117314	0.777595	-0.584787	0.231020
58605	9.468728	-1.166692	2.271710	0.004043	-0.000866	0.003955	-0.255751	0.041486	0.965852	-0.574396	-0.810130	-0.117299	0.777600	-0.584781	0.231021
58606	9.432146	-1.149022	2.260359	0.004578	0.000442	0.004948	-0.255760	0.041498	0.965849	-0.574386	-0.810138	-0.117291	0.777604	-0.584768	0.231037
58607	9.485966	-1.140958	2.257954	0.003052	-0.000980	0.005648	-0.255760	0.041495	0.965849	-0.574387	-0.810137	-0.117294	0.777603	-0.584770	0.231035
58608	9.468611	-1.167825	2.271617	0.000661	-0.002473	0.003571	-0.255737	0.041500	0.965855	-0.574415	-0.810119	-0.117284	0.777590	-0.584795	0.231015
58609	9.439658	-1.122693	2.279332	0.003382	-0.002216	0.007434	-0.255738	0.041475	0.965856	-0.574409	-0.810120	-0.117303	0.777594	-0.584795	0.231002
58610	9.460901	-1.196496	2.252263	0.004327	0.004180	0.006843	-0.255783	0.041494	0.965843	-0.574392	-0.810130	-0.117312	0.777591	-0.584779	0.231051
58611	9.472140	-1.117740	2.288986	0.005694	-0.003224	0.005833	-0.255767	0.041476	0.965848	-0.574373	-0.810145	-0.117311	0.777611	-0.584761	0.231031
58612	9.468390	-1.169819	2.271513	0.003052	-0.000979	0.005649	-0.255771	0.041472	0.965847	-0.574380	-0.810138	-0.117318	0.777605	-0.584770	0.231031
58613	9.449166	-1.125754	2.246291	0.005898	-0.000680	0.005041	-0.255770	0.041476	0.965847	-0.574361	-0.810153	-0.117309	0.777619	-0.584749	0.231035
58614	9.443233	-1.149037	2.281334	0.003051	-0.000979	0.005650	-0.255766	0.041470	0.965849	-0.574364	-0.810151	-0.117312	0.777618	-0.584753	0.231028
58615	9.485598	-1.144582	2.257666	0.004577	0.000443	0.004949	-0.255774	0.041481	0.965846	-0.574355	-0.810158	-0.117305	0.777622	-0.584742	0.231042
58616	9.431673	-1.153357	2.260125	0.004042	-0.000865	0.003956	-0.255765	0.041494	0.965848	-0.574351	-0.810163	-0.117288	0.777627	-0.584734	0.231044
58617	9.464312	-1.147795	2.269435	0.003381	-0.002215	0.007436	-0.255766	0.041469	0.965849	-0.574346	-0.810164	-0.117308	0.777631	-0.584734	0.231030
58618	9.431537	-1.154457	2.260129	0.001480	0.003882	0.007452	-0.255814	0.041481	0.965836	-0.574352	-0.810156	-0.117330	0.777611	-0.584744	0.231073
58619	9.475584	-1.145408	2.290872	0.005692	-0.003223	0.005835	-0.255797	0.041463	0.965841	-0.574332	-0.810170	-0.117329	0.777631	-0.584726	0.231053
58620	9.446763	-1.175768	2.283277	0.002186	-0.001050	0.002872	-0.255783	0.041483	0.965844	-0.574346	-0.810164	-0.117307	0.777626	-0.584733	0.231052
58621	9.456383	-1.101614	2.265487	0.001730	0.000144	0.005559	-0.255792	0.041487	0.965841	-0.574357	-0.810155	-0.117312	0.777614	-0.584746	0.231059
58622	9.467865	-1.174183	2.271447	0.001730	0.000145	0.005559	-0.255799	0.041492	0.965839	-0.574368	-0.810147	-0.117316	0.777604	-0.584757	0.231066
58623	9.471567	-1.123050	2.288758	0.004906	-0.000792	0.006737	-0.255807	0.041481	0.965838	-0.574353	-0.810157	-0.117325	0.777613	-0.584744	0.231069
58624	9.467736	-1.175135	2.271494	0.004577	0.000443	0.004951	-0.255814	0.041490	0.965835	-0.574346	-0.810162	-0.117320	0.777616	-0.584736	0.231080
58625	9.415876	-1.136980	2.236855	0.005361	-0.001987	0.004050	-0.255797	0.041494	0.965840	-0.574334	-0.810174	-0.117303	0.777630	-0.584720	0.231071
58626	9.488846	-1.173539	2.259642	0.001274	0.001340	0.008247	-0.255830	0.041483	0.965831	-0.574350	-0.810157	-0.117337	0.777607	-0.584744	0.231088
58627	9.431052	-1.158414	2.260131	0.002185	-0.001050	0.002872	-0.255813	0.041502	0.965835	-0.574365	-0.810149	-0.117316	0.777601	-0.584753	0.231084
58628	9.459861	-1.128749	2.267469	0.006226	-0.001914	0.006830	-0.255810	0.041484	0.965836	-0.574331	-0.810173	-0.117319	0.777628	-0.584722	0.231076
58629	9.456048	-1.180786	2.250105	0.004041	-0.000864	0.003958	-0.255802	0.041495	0.965838	-0.574329	-0.810176	-0.117304	0.777632	-0.584716	0.231077
58630	9.455948	-1.105499	2.265411	0.001729	0.000146	0.005560	-0.255810	0.041499	0.965836	-0.574338	-0.810169	-0.117308	0.777623	-0.584725	0.231083
58631	9.446196	-1.180471	2.283195	0.003049	-0.000977	0.005653	-0.255810	0.041496	0.965836	-0.574340	-0.810168	-0.117311	0.777621	-0.584727	0.231082
58632	9.449965	-1.129252	2.300361	0.002513	-0.002285	0.004660	-0.255796	0.041493	0.965840	-0.574348	-0.810163	-0.117307	0.777620	-0.584734	0.231068
58633	9.455850	-1.182498	2.250038	0.003792	0.002875	0.005852	-0.255828	0.041511	0.965831	-0.574343	-0.810166	-0.117310	0.777613	-0.584729	0.231105
58634	9.455750	-1.107271	2.265374	0.005689	-0.003222	0.005839	-0.255811	0.041493	0.965836	-0.574320	-0.810183	-0.117308	0.777636	-0.584707	0.231084
58635	9.446012	-1.182045	2.283145	0.002391	0.001494	0.002079	-0.255810	0.041533	0.965834	-0.574335	-0.810176	-0.117279	0.777625	-0.584714	0.231106
58636	9.459471	-1.132050	2.267452	0.004449	0.000405	0.009427	-0.255842	0.041506	0.965827	-0.574317	-0.810184	-0.117316	0.777628	-0.584705	0.231117
58637	9.476805	-1.181893	2.238324	0.001193	-0.001162	0.004568	-0.255835	0.041510	0.965829	-0.574335	-0.810171	-0.117313	0.777617	-0.584722	0.231111
58638	9.438176	-1.135380	2.279185	0.005359	-0.001987	0.004053	-0.255820	0.041514	0.965833	-0.574317	-0.810186	-0.117295	0.777635	-0.584701	0.231104
58639	9.438142	-1.135753	2.279138	0.001729	0.000147	0.005561	-0.255828	0.041518	0.965830	-0.574329	-0.810177	-0.117300	0.777623	-0.584713	0.231111
58640	9.466927	-1.181852	2.271380	0.003256	0.001568	0.004860	-0.255841	0.041536	0.965826	-0.574325	-0.810181	-0.117293	0.777622	-0.584707	0.231132
58641	9.426510	-1.140239	2.258122	0.003584	0.000333	0.006648	-0.255857	0.041532	0.965822	-0.574320	-0.810183	-0.117304	0.777620	-0.584704	0.231144
58642	9.474457	-1.155066	2.290681	0.004823	-0.003295	0.003060	-0.255828	0.041537	0.965830	-0.574321	-0.810186	-0.117282	0.777630	-0.584700	0.231124
58643	9.466795	-1.107450	2.286546	0.003912	-0.000902	0.008436	-0.255845	0.041512	0.965826	-0.574308	-0.810190	-0.117310	0.777633	-0.584695	0.231124
58644	9.441692	-1.161913	2.281193	0.002391	0.001494	0.002079	-0.255842	0.041550	0.965825	-0.574325	-0.810182	-0.117281	0.777622	-0.584703	0.231142
58645	9.462841	-1.159777	2.269476	0.004575	0.000445	0.004954	-0.255849	0.041561	0.965823	-0.574317	-0.810190	-0.117274	0.777626	-0.584693	0.231156
58646	9.458967	-1.136162	2.267500	0.003047	-0.000975	0.005655	-0.255852	0.041560	0.965822	-0.574319	-0.810188	-0.117278	0.777623	-0.584696	0.231157
58647	9.441551	-1.162942	2.281254	0.005358	-0.001986	0.004054	-0.255836	0.041564	0.965826	-0.574306	-0.810199	-0.117260	0.777638	-0.584680	0.231148
58648	9.458911	-1.136900	2.267361	0.001728	0.000148	0.005562	-0.255845	0.041567	0.965824	-0.574316	-0.810191	-0.117266	0.777628	-0.584690	0.231156
58649	9.483864	-1.159006	2.257593	0.006430	0.000631	0.006041	-0.255860	0.041571	0.965820	-0.574290	-0.810210	-0.117265	0.777642	-0.584664	0.231174
58650	9.462587	-1.161834	2.269481	0.003047	-0.000974	0.005656	-0.255857	0.041564	0.965821	-0.574296	-0.810205	-0.117270	0.777638	-0.584671	0.231167
58651	9.416348	-1.142883	2.291025	0.004821	-0.003295	0.003062	-0.255825	0.041569	0.965829	-0.574290	-0.810213	-0.117245	0.777653	-0.584660	0.231145
58652	9.458755	-1.138378	2.267270	0.001400	0.001383	0.003775	-0.255832	0.041595	0.965826	-0.574308	-0.810202	-0.117232	0.777638	-0.584673	0.231164
58653	9.462508	-1.162805	2.269316	0.003047	-0.000974	0.005657	-0.255833	0.041592	0.965826	-0.574309	-0.810201	-0.117235	0.777637	-0.584675	0.231163
58654	9.458655	-1.139240	2.267257	0.003046	-0.000974	0.005657	-0.255826	0.041585	0.965828	-0.574306	-0.810203	-0.117237	0.777641	-0.584673	0.231154
58655	9.458621	-1.139614	2.267210	0.004038	-0.000863	0.003962	-0.255818	0.041596	0.965830	-0.574304	-0.810206	-0.117221	0.777645	-0.584667	0.231154
58656	9.462397	-1.164102	2.269112	0.003374	-0.002208	0.007446	-0.255821	0.041570	0.965830	-0.574306	-0.810201	-0.117246	0.777643	-0.584676	0.231140
58657	9.483566	-1.162198	2.257203	0.002719	0.000260	0.003869	-0.255820	0.041588	0.965829	-0.574315	-0.810197	-0.117233	0.777637	-0.584680	0.231150
58658	9.472046	-1.166174	2.235953	0.003046	-0.000973	0.005657	-0.255821	0.041583	0.965830	-0.574321	-0.810192	-0.117239	0.777632	-0.584688	0.231146
58659	9.454640	-1.117537	2.264964	0.001063	-0.001195	0.009048	-0.255839	0.041551	0.965826	-0.574329	-0.810180	-0.117280	0.777620	-0.584707	0.231140
58660	9.450740	-1.169708	2.247594	0.003501	-0.002172	0.002970	-0.255815	0.041561	0.965832	-0.574341	-0.810174	-0.117260	0.777619	-0.584714	0.231125
58661	9.425688	-1.148334	2.257451	0.003255	0.001569	0.004862	-0.255830	0.041579	0.965827	-0.574343	-0.810174	-0.117255	0.777612	-0.584713	0.231148
58662	9.483352	-1.164425	2.256956	0.003828	-0.003405	0.004759	-0.255805	0.041569	0.965834	-0.574337	-0.810179	-0.117245	0.777625	-0.584707	0.231123
58663	9.458297	-1.143160	2.266774	0.005110	0.001755	0.005949	-0.255828	0.041580	0.965828	-0.574322	-0.810190	-0.117247	0.777629	-0.584691	0.231150
58664	9.433246	-1.121892	2.276590	0.003828	-0.003405	0.004759	-0.255803	0.041569	0.965835	-0.574318	-0.810194	-0.117239	0.777640	-0.584686	0.231124
