// General information: 
//  MT Manager version: 2019.2.0 
//  XDA version: 2019.2.0 build 3853 rev 94535 built on 2019-09-09
// Device information: 
//  DeviceId: 00B44113
//  ProductCode: MTW2-3A7G6
//  Firmware Version: 4.3.5
//  Hardware Version: 1.1.0
// Device settings: 
//  Filter Profile: human(46.1)
//  Option Flags: Orientation Smoother Disabled, AHS Disabled, ICC Disabled
// Coordinate system: ENU
PacketCounter	Acc_X	Acc_Y	Acc_Z	Gyr_X	Gyr_Y	Gyr_Z	Mat[1][1]	Mat[2][1]	Mat[3][1]	Mat[1][2]	Mat[2][2]	Mat[3][2]	Mat[1][3]	Mat[2][3]	Mat[3][3]
58398	9.628217	-0.464678	-1.737118	0.007083	0.001437	-0.002510	-0.175638	-0.048999	0.983235	-0.521146	0.851964	-0.050636	-0.835199	-0.521303	-0.175173
58399	9.637645	-0.505083	-1.693951	0.006087	0.002550	-0.002826	-0.175638	-0.048996	0.983235	-0.521143	0.851966	-0.050639	-0.835201	-0.521300	-0.175171
58400	9.644281	-0.512212	-1.716002	0.004171	0.002349	-0.004860	-0.175630	-0.049010	0.983236	-0.521124	0.851979	-0.050618	-0.835215	-0.521278	-0.175173
58401	9.637758	-0.504466	-1.693493	0.009563	0.001002	-0.004484	-0.175634	-0.049029	0.983234	-0.521152	0.851962	-0.050610	-0.835196	-0.521303	-0.175185
58402	9.648013	-0.488639	-1.722207	0.005524	0.003186	0.001179	-0.175651	-0.048987	0.983233	-0.521134	0.851970	-0.050651	-0.835204	-0.521293	-0.175178
58403	9.667662	-0.513327	-1.707916	0.008568	0.002115	-0.004799	-0.175644	-0.049003	0.983233	-0.521155	0.851959	-0.050639	-0.835193	-0.521311	-0.175180
58404	9.648114	-0.488462	-1.721693	0.006801	0.001756	-0.000509	-0.175661	-0.048985	0.983231	-0.521156	0.851957	-0.050663	-0.835189	-0.521316	-0.175184
58405	9.644516	-0.511624	-1.714858	0.004885	0.001555	-0.002543	-0.175670	-0.048984	0.983230	-0.521142	0.851965	-0.050666	-0.835195	-0.521303	-0.175193
58406	9.628612	-0.463510	-1.735235	0.007290	0.003545	-0.003113	-0.175659	-0.048978	0.983232	-0.521150	0.851960	-0.050667	-0.835192	-0.521312	-0.175179
58407	9.644644	-0.511190	-1.714267	0.006370	0.002232	-0.004831	-0.175651	-0.048993	0.983233	-0.521153	0.851959	-0.050650	-0.835193	-0.521311	-0.175180
58408	9.661330	-0.505152	-1.684424	0.005599	0.000761	-0.000224	-0.175678	-0.048977	0.983229	-0.521143	0.851963	-0.050677	-0.835193	-0.521306	-0.175195
58409	9.628087	-0.516688	-1.743549	0.005656	0.003025	-0.007150	-0.175652	-0.049007	0.983232	-0.521144	0.851965	-0.050636	-0.835198	-0.521300	-0.175189
58410	9.644821	-0.510590	-1.713451	0.007929	0.005177	0.000607	-0.175648	-0.048960	0.983235	-0.521148	0.851961	-0.050676	-0.835196	-0.521312	-0.175160
58411	9.648506	-0.487329	-1.719814	0.006164	0.000124	-0.004231	-0.175661	-0.048982	0.983232	-0.521148	0.851961	-0.050664	-0.835194	-0.521308	-0.175183
58412	9.644935	-0.510294	-1.712897	0.008493	0.004540	-0.003400	-0.175642	-0.048971	0.983235	-0.521162	0.851952	-0.050666	-0.835188	-0.521324	-0.175161
58413	9.648632	-0.486915	-1.719227	0.004886	0.001555	-0.002544	-0.175652	-0.048971	0.983234	-0.521148	0.851961	-0.050669	-0.835195	-0.521311	-0.175169
58414	9.645050	-0.509977	-1.712343	0.008287	0.002433	-0.002800	-0.175654	-0.048966	0.983233	-0.521158	0.851954	-0.050677	-0.835188	-0.521322	-0.175168
58415	9.642139	-0.479214	-1.696475	0.007084	0.001438	-0.002514	-0.175665	-0.048966	0.983231	-0.521162	0.851951	-0.050684	-0.835183	-0.521327	-0.175177
58416	9.645139	-0.509543	-1.711972	0.007649	0.000800	-0.006521	-0.175662	-0.049002	0.983230	-0.521173	0.851947	-0.050652	-0.835178	-0.521331	-0.175193
58417	9.645846	-0.455462	-1.702838	0.004604	0.001873	-0.000541	-0.175679	-0.048983	0.983228	-0.521153	0.851958	-0.050674	-0.835186	-0.521315	-0.175199
58418	9.664821	-0.534144	-1.697510	0.005524	0.003187	0.001176	-0.175695	-0.048942	0.983227	-0.521138	0.851964	-0.050715	-0.835192	-0.521308	-0.175191
58419	9.669168	-0.456963	-1.694931	0.011051	0.001678	-0.006778	-0.175682	-0.048977	0.983228	-0.521183	0.851938	-0.050687	-0.835167	-0.521347	-0.175196
58420	9.641712	-0.532183	-1.704348	0.006089	0.002550	-0.002831	-0.175682	-0.048973	0.983228	-0.521176	0.851943	-0.050690	-0.835172	-0.521340	-0.175195
58421	9.646058	-0.454869	-1.701797	0.006372	0.002231	-0.004835	-0.175675	-0.048988	0.983229	-0.521178	0.851942	-0.050673	-0.835172	-0.521339	-0.175196
58422	9.645459	-0.508453	-1.710493	0.006089	0.002550	-0.002832	-0.175676	-0.048984	0.983229	-0.521173	0.851945	-0.050675	-0.835175	-0.521334	-0.175195
58423	9.672357	-0.486592	-1.709570	0.004886	0.001555	-0.002546	-0.175685	-0.048983	0.983227	-0.521159	0.851954	-0.050678	-0.835182	-0.521321	-0.175204
58424	9.642604	-0.477542	-1.694301	0.006013	0.004976	-0.001431	-0.175672	-0.048955	0.983231	-0.521152	0.851957	-0.050695	-0.835189	-0.521318	-0.175178
58425	9.662290	-0.502199	-1.679796	0.002611	0.004097	-0.001175	-0.175668	-0.048929	0.983233	-0.521116	0.851978	-0.050707	-0.835212	-0.521286	-0.175163
58426	9.615887	-0.499000	-1.694315	0.006166	0.000123	-0.004234	-0.175682	-0.048951	0.983229	-0.521116	0.851979	-0.050695	-0.835209	-0.521283	-0.175186
58427	9.675570	-0.516591	-1.724017	0.008571	0.002114	-0.004807	-0.175675	-0.048967	0.983230	-0.521137	0.851967	-0.050683	-0.835197	-0.521301	-0.175188
58428	9.649410	-0.484223	-1.715613	0.005883	0.000443	-0.002231	-0.175696	-0.048969	0.983226	-0.521130	0.851971	-0.050690	-0.835197	-0.521294	-0.175207
58429	9.645826	-0.507303	-1.708759	0.008288	0.002433	-0.002804	-0.175697	-0.048966	0.983226	-0.521145	0.851961	-0.050697	-0.835188	-0.521310	-0.175205
58430	9.649504	-0.483953	-1.715165	0.006089	0.002550	-0.002834	-0.175695	-0.048963	0.983226	-0.521146	0.851960	-0.050699	-0.835187	-0.521312	-0.175202
58431	9.652537	-0.514531	-1.730484	0.005807	0.002869	-0.000830	-0.175703	-0.048941	0.983226	-0.521137	0.851965	-0.050720	-0.835191	-0.521307	-0.175197
58432	9.626402	-0.482187	-1.721923	0.005376	0.003342	-0.005154	-0.175683	-0.048955	0.983229	-0.521138	0.851966	-0.050698	-0.835195	-0.521304	-0.175188
58433	9.646046	-0.506744	-1.707688	0.006597	-0.000349	0.000089	-0.175722	-0.048941	0.983222	-0.521133	0.851966	-0.050730	-0.835190	-0.521304	-0.175215
58434	9.649691	-0.483446	-1.714253	0.008572	0.002114	-0.004809	-0.175716	-0.048955	0.983223	-0.521150	0.851957	-0.050718	-0.835180	-0.521319	-0.175216
58435	9.646112	-0.506483	-1.707390	0.001203	0.000995	-0.000287	-0.175743	-0.048938	0.983219	-0.521101	0.851985	-0.050736	-0.835205	-0.521273	-0.175232
58436	9.643166	-0.475759	-1.691600	0.008289	0.002433	-0.002806	-0.175747	-0.048933	0.983219	-0.521111	0.851979	-0.050745	-0.835199	-0.521284	-0.175232
58437	9.652819	-0.513627	-1.729177	0.007576	0.003225	-0.005126	-0.175729	-0.048945	0.983221	-0.521124	0.851972	-0.050728	-0.835194	-0.521294	-0.175223
58438	9.662917	-0.500003	-1.676841	0.004810	0.003981	-0.001149	-0.175725	-0.048919	0.983223	-0.521106	0.851982	-0.050745	-0.835206	-0.521281	-0.175207
58439	9.646368	-0.505962	-1.706100	0.007009	0.003865	-0.001119	-0.175723	-0.048894	0.983225	-0.521107	0.851980	-0.050766	-0.835206	-0.521286	-0.175192
58440	9.646437	-0.505695	-1.705787	0.006657	0.001909	-0.006844	-0.175708	-0.048926	0.983226	-0.521113	0.851979	-0.050731	-0.835205	-0.521286	-0.175196
58441	9.623261	-0.504060	-1.712943	0.006520	0.002079	0.001488	-0.175734	-0.048888	0.983223	-0.521106	0.851980	-0.050776	-0.835204	-0.521286	-0.175198
58442	9.656747	-0.489933	-1.734276	0.003608	0.002986	-0.000862	-0.175740	-0.048866	0.983223	-0.521084	0.851992	-0.050794	-0.835216	-0.521269	-0.175192
58443	9.653190	-0.512962	-1.727301	0.008573	0.002113	-0.004811	-0.175733	-0.048881	0.983224	-0.521105	0.851980	-0.050781	-0.835205	-0.521287	-0.175194
58444	9.627044	-0.480546	-1.718786	0.005094	0.003661	-0.003154	-0.175720	-0.048875	0.983226	-0.521097	0.851986	-0.050778	-0.835213	-0.521279	-0.175180
58445	9.646733	-0.504937	-1.704338	0.007577	0.003224	-0.005129	-0.175703	-0.048888	0.983229	-0.521110	0.851979	-0.050760	-0.835209	-0.521289	-0.175171
58446	9.616970	-0.495716	-1.689126	0.006091	0.002550	-0.002838	-0.175701	-0.048885	0.983229	-0.521109	0.851979	-0.050762	-0.835209	-0.521288	-0.175168
58447	9.646853	-0.504408	-1.703814	0.005172	0.001234	-0.004554	-0.175703	-0.048903	0.983228	-0.521101	0.851985	-0.050746	-0.835214	-0.521277	-0.175180
58448	9.653511	-0.511734	-1.725871	0.008006	0.002754	-0.000805	-0.175712	-0.048879	0.983227	-0.521105	0.851981	-0.050772	-0.835210	-0.521286	-0.175174
58449	9.623764	-0.502582	-1.710545	0.005584	0.005447	-0.005764	-0.175673	-0.048885	0.983234	-0.521102	0.851984	-0.050745	-0.835220	-0.521280	-0.175145
58450	9.647061	-0.503604	-1.702875	0.008652	-0.000314	-0.006212	-0.175679	-0.048925	0.983231	-0.521126	0.851972	-0.050719	-0.835204	-0.521297	-0.175169
58451	9.650732	-0.480051	-1.709339	0.004098	0.004772	-0.003473	-0.175657	-0.048915	0.983235	-0.521107	0.851984	-0.050711	-0.835220	-0.521278	-0.175147
58452	9.627556	-0.478504	-1.716489	0.006598	-0.000347	0.000087	-0.175696	-0.048901	0.983229	-0.521098	0.851987	-0.050743	-0.835217	-0.521275	-0.175173
58453	9.617358	-0.494197	-1.687359	0.006091	0.002550	-0.002839	-0.175696	-0.048897	0.983229	-0.521095	0.851989	-0.050745	-0.835219	-0.521272	-0.175172
58454	9.634263	-0.485788	-1.738306	0.007294	0.003545	-0.003128	-0.175685	-0.048890	0.983232	-0.521101	0.851985	-0.050747	-0.835218	-0.521278	-0.175158
58455	9.666943	-0.527466	-1.687487	0.006091	0.002550	-0.002840	-0.175685	-0.048886	0.983232	-0.521097	0.851987	-0.050750	-0.835220	-0.521275	-0.175156
58456	9.634380	-0.485452	-1.737755	0.004889	0.001554	-0.002552	-0.175696	-0.048886	0.983230	-0.521083	0.851996	-0.050753	-0.835227	-0.521261	-0.175166
58457	9.657644	-0.486593	-1.730220	0.007656	0.000796	-0.006531	-0.175691	-0.048923	0.983229	-0.521099	0.851988	-0.050722	-0.835218	-0.521271	-0.175180
58458	9.640855	-0.494409	-1.678766	0.008575	0.002113	-0.004816	-0.175684	-0.048940	0.983229	-0.521122	0.851974	-0.050708	-0.835205	-0.521291	-0.175182
58459	9.647531	-0.501723	-1.700766	0.003608	0.002986	-0.000866	-0.175691	-0.048917	0.983229	-0.521094	0.851990	-0.050725	-0.835221	-0.521267	-0.175177
58460	9.620771	-0.523349	-1.701094	0.007294	0.003545	-0.003130	-0.175681	-0.048911	0.983231	-0.521102	0.851986	-0.050727	-0.835218	-0.521276	-0.175165
58461	9.631056	-0.507382	-1.729830	0.005173	0.001233	-0.004557	-0.175683	-0.048929	0.983230	-0.521094	0.851991	-0.050711	-0.835222	-0.521264	-0.175177
58462	9.647707	-0.501097	-1.699951	0.006092	0.002550	-0.002842	-0.175683	-0.048926	0.983230	-0.521090	0.851994	-0.050713	-0.835225	-0.521261	-0.175175
58463	9.654395	-0.508487	-1.721882	0.004811	0.003982	-0.001155	-0.175680	-0.048900	0.983232	-0.521073	0.852003	-0.050729	-0.835236	-0.521248	-0.175160
58464	9.634844	-0.483662	-1.735679	0.008576	0.002113	-0.004818	-0.175672	-0.048916	0.983233	-0.521093	0.851992	-0.050716	-0.835225	-0.521265	-0.175161
58465	9.661152	-0.515727	-1.743482	0.004526	0.004304	0.000849	-0.175677	-0.048872	0.983234	-0.521070	0.852004	-0.050752	-0.835239	-0.521250	-0.175143
58466	9.651570	-0.477472	-1.705328	0.008576	0.002113	-0.004818	-0.175669	-0.048889	0.983235	-0.521094	0.851990	-0.050738	-0.835225	-0.521271	-0.175144
58467	9.624828	-0.498838	-1.705647	0.006583	0.004334	-0.005454	-0.175641	-0.048898	0.983239	-0.521100	0.851988	-0.050716	-0.835228	-0.521273	-0.175124
58468	9.658356	-0.484236	-1.726903	0.008576	0.002113	-0.004819	-0.175634	-0.048914	0.983240	-0.521121	0.851975	-0.050703	-0.835216	-0.521292	-0.175126
58469	9.654797	-0.507188	-1.720008	0.003687	0.000559	-0.002265	-0.175653	-0.048916	0.983236	-0.521096	0.851990	-0.050706	-0.835227	-0.521268	-0.175145
58470	9.641591	-0.491931	-1.675260	0.007580	0.003224	-0.005137	-0.175637	-0.048928	0.983238	-0.521104	0.851986	-0.050689	-0.835226	-0.521273	-0.175137
58471	9.631709	-0.505185	-1.726834	0.005096	0.003660	-0.003162	-0.175626	-0.048922	0.983241	-0.521093	0.851993	-0.050686	-0.835235	-0.521262	-0.175125
58472	9.651368	-0.529776	-1.712503	0.006599	-0.000345	0.000085	-0.175665	-0.048908	0.983234	-0.521088	0.851995	-0.050718	-0.835230	-0.521261	-0.175151
58473	9.651972	-0.475662	-1.703557	0.005665	0.003016	-0.007171	-0.175639	-0.048939	0.983237	-0.521089	0.851997	-0.050677	-0.835235	-0.521255	-0.175145
58474	9.652039	-0.475467	-1.703231	0.005523	0.003194	0.001164	-0.175652	-0.048899	0.983237	-0.521080	0.852000	-0.050717	-0.835238	-0.521253	-0.175136
58475	9.658746	-0.482868	-1.725104	0.006583	0.004334	-0.005457	-0.175624	-0.048908	0.983242	-0.521085	0.851998	-0.050695	-0.835241	-0.521256	-0.175117
58476	9.632001	-0.504341	-1.725452	0.007090	0.001439	-0.002527	-0.175635	-0.048907	0.983240	-0.521085	0.851997	-0.050702	-0.835238	-0.521257	-0.175125
58477	9.658862	-0.482454	-1.724568	0.006093	0.002550	-0.002845	-0.175635	-0.048903	0.983240	-0.521082	0.851999	-0.050705	-0.835240	-0.521254	-0.175124
58478	9.632107	-0.504027	-1.724951	0.006093	0.002550	-0.002846	-0.175634	-0.048901	0.983240	-0.521082	0.851999	-0.050705	-0.835240	-0.521254	-0.175121
58479	9.662029	-0.512806	-1.739479	0.007296	0.003546	-0.003136	-0.175624	-0.048895	0.983242	-0.521089	0.851995	-0.050707	-0.835238	-0.521262	-0.175109
58480	9.615385	-0.511842	-1.672970	0.007296	0.003546	-0.003136	-0.175614	-0.048889	0.983244	-0.521097	0.851990	-0.050708	-0.835235	-0.521271	-0.175097
58481	9.652478	-0.474461	-1.701022	0.006520	0.002085	0.001481	-0.175640	-0.048852	0.983242	-0.521090	0.851992	-0.050754	-0.835234	-0.521271	-0.175100
58482	9.625713	-0.496133	-1.701438	0.004179	0.002342	-0.004879	-0.175631	-0.048865	0.983242	-0.521071	0.852004	-0.050733	-0.835248	-0.521250	-0.175101
58483	9.655615	-0.504660	-1.716159	0.008658	-0.000316	-0.006219	-0.175638	-0.048906	0.983239	-0.521095	0.851991	-0.050707	-0.835231	-0.521267	-0.175126
58484	9.659258	-0.481141	-1.722720	0.005096	0.003660	-0.003165	-0.175626	-0.048898	0.983242	-0.521084	0.851998	-0.050705	-0.835241	-0.521256	-0.175113
58485	9.645502	-0.519892	-1.686604	0.005808	0.002873	-0.000843	-0.175634	-0.048876	0.983242	-0.521074	0.852003	-0.050726	-0.835245	-0.521251	-0.175108
58486	9.656340	-0.450146	-1.706552	0.005382	0.003337	-0.005170	-0.175616	-0.048888	0.983244	-0.521068	0.852007	-0.050704	-0.835253	-0.521242	-0.175100
58487	9.618833	-0.541177	-1.686613	0.008294	0.002436	-0.002820	-0.175617	-0.048885	0.983244	-0.521083	0.851998	-0.050711	-0.835243	-0.521258	-0.175098
58488	9.659529	-0.480311	-1.721428	0.005382	0.003337	-0.005171	-0.175600	-0.048897	0.983247	-0.521074	0.852005	-0.050690	-0.835252	-0.521246	-0.175091
58489	9.655997	-0.503417	-1.714374	0.006520	0.002086	0.001480	-0.175627	-0.048859	0.983244	-0.521067	0.852007	-0.050735	-0.835251	-0.521246	-0.175094
58490	9.626162	-0.494367	-1.699410	0.008659	-0.000317	-0.006221	-0.175632	-0.048899	0.983241	-0.521090	0.851994	-0.050709	-0.835235	-0.521263	-0.175118
58491	9.662707	-0.510646	-1.736345	0.008009	0.002759	-0.000816	-0.175641	-0.048877	0.983240	-0.521099	0.851987	-0.050734	-0.835228	-0.521277	-0.175114
58492	9.596394	-0.485066	-1.684137	0.006380	0.002227	-0.004854	-0.175634	-0.048893	0.983241	-0.521101	0.851987	-0.050717	-0.835228	-0.521276	-0.175116
58493	9.636560	-0.478002	-1.727702	0.007582	0.003222	-0.005145	-0.175616	-0.048906	0.983243	-0.521114	0.851980	-0.050699	-0.835224	-0.521286	-0.175107
58494	9.639692	-0.508444	-1.742872	0.006094	0.002550	-0.002850	-0.175615	-0.048903	0.983244	-0.521113	0.851981	-0.050701	-0.835225	-0.521284	-0.175104
58495	9.623390	-0.462507	-1.682612	0.006094	0.002550	-0.002850	-0.175615	-0.048899	0.983244	-0.521109	0.851983	-0.050703	-0.835227	-0.521281	-0.175103
58496	9.656379	-0.501903	-1.712664	0.006380	0.002226	-0.004855	-0.175607	-0.048915	0.983244	-0.521113	0.851981	-0.050685	-0.835226	-0.521282	-0.175104
58497	9.633195	-0.500176	-1.719989	0.007172	-0.000989	-0.003927	-0.175631	-0.048940	0.983239	-0.521121	0.851977	-0.050679	-0.835217	-0.521287	-0.175137
58498	9.649809	-0.493915	-1.690094	0.006014	0.004979	-0.001456	-0.175618	-0.048913	0.983242	-0.521116	0.851979	-0.050694	-0.835223	-0.521286	-0.175112
58499	9.607012	-0.467917	-1.711407	0.005603	0.000768	-0.000236	-0.175647	-0.048896	0.983238	-0.521104	0.851985	-0.050721	-0.835224	-0.521278	-0.175128
58500	9.652979	-0.524498	-1.705032	0.007583	0.003222	-0.005147	-0.175629	-0.048909	0.983241	-0.521115	0.851979	-0.050703	-0.835221	-0.521286	-0.175119
58501	9.657127	-0.447274	-1.702850	0.006806	0.001764	-0.000528	-0.175647	-0.048890	0.983238	-0.521113	0.851978	-0.050729	-0.835218	-0.521289	-0.175125
58502	9.653095	-0.524175	-1.704476	0.005383	0.003336	-0.005176	-0.175628	-0.048902	0.983241	-0.521105	0.851985	-0.050707	-0.835227	-0.521278	-0.175116
58503	9.630456	-0.468578	-1.702905	0.006095	0.002550	-0.002852	-0.175628	-0.048899	0.983241	-0.521102	0.851987	-0.050709	-0.835229	-0.521275	-0.175114
58504	9.649641	-0.547006	-1.697083	0.008009	0.002760	-0.000820	-0.175635	-0.048877	0.983241	-0.521114	0.851978	-0.050734	-0.835220	-0.521291	-0.175108
58505	9.656887	-0.500448	-1.710224	0.005589	0.005441	-0.005787	-0.175596	-0.048884	0.983248	-0.521111	0.851981	-0.050706	-0.835230	-0.521285	-0.175078
58506	9.656961	-0.499990	-1.709941	0.008662	-0.000318	-0.006225	-0.175602	-0.048924	0.983245	-0.521133	0.851969	-0.050679	-0.835215	-0.521301	-0.175103
58507	9.627115	-0.490620	-1.695094	0.001775	0.000348	-0.004302	-0.175612	-0.048944	0.983242	-0.521096	0.851993	-0.050660	-0.835236	-0.521260	-0.175125
58508	9.657021	-0.499243	-1.709820	0.009579	0.001003	-0.004512	-0.175615	-0.048963	0.983241	-0.521125	0.851976	-0.050652	-0.835218	-0.521286	-0.175136
58509	9.630280	-0.520793	-1.710242	0.006095	0.002550	-0.002854	-0.175615	-0.048959	0.983241	-0.521121	0.851978	-0.050654	-0.835220	-0.521283	-0.175134
58510	9.637496	-0.474267	-1.723502	0.007298	0.003546	-0.003146	-0.175606	-0.048953	0.983243	-0.521128	0.851974	-0.050656	-0.835217	-0.521291	-0.175123
58511	9.623777	-0.512773	-1.687257	0.006587	0.004331	-0.005471	-0.175578	-0.048962	0.983247	-0.521133	0.851972	-0.050633	-0.835220	-0.521293	-0.175103
58512	9.657275	-0.498306	-1.708656	0.006888	-0.000665	-0.001924	-0.175609	-0.048967	0.983241	-0.521136	0.851970	-0.050646	-0.835212	-0.521296	-0.175132
58513	9.657310	-0.498277	-1.708466	0.007012	0.003871	-0.001142	-0.175606	-0.048942	0.983243	-0.521137	0.851968	-0.050667	-0.835212	-0.521302	-0.175117
58514	9.660966	-0.475014	-1.714822	0.008501	0.004542	-0.003440	-0.175585	-0.048932	0.983247	-0.521154	0.851957	-0.050667	-0.835206	-0.521320	-0.175092
58515	9.637348	-0.527341	-1.730510	0.006096	0.002550	-0.002855	-0.175585	-0.048929	0.983248	-0.521151	0.851959	-0.050669	-0.835208	-0.521317	-0.175091
58516	9.627651	-0.488792	-1.692574	0.006382	0.002225	-0.004861	-0.175506	-0.048951	0.983261	-0.520988	0.852065	-0.050574	-0.835326	-0.521143	-0.175046
58517	9.630806	-0.519256	-1.707747	0.006096	0.002550	-0.002856	-0.175506	-0.048948	0.983261	-0.520984	0.852067	-0.050576	-0.835328	-0.521140	-0.175044
58518	9.634434	-0.495912	-1.714275	0.006096	0.002550	-0.002856	-0.175505	-0.048943	0.983261	-0.520979	0.852069	-0.050578	-0.835331	-0.521136	-0.175040
58519	9.664353	-0.504721	-1.728904	0.005891	0.000445	-0.002244	-0.175525	-0.048945	0.983257	-0.520973	0.852073	-0.050586	-0.835331	-0.521130	-0.175060
58520	9.604637	-0.486765	-1.699060	0.007012	0.003871	-0.001144	-0.175523	-0.048920	0.983259	-0.520972	0.852073	-0.050606	-0.835332	-0.521133	-0.175044
58521	9.664457	-0.504498	-1.728386	0.005180	0.001229	-0.004569	-0.175525	-0.048938	0.983258	-0.520963	0.852078	-0.050590	-0.835337	-0.521121	-0.175056
58522	9.604762	-0.486399	-1.698460	0.006015	0.004981	-0.001464	-0.175512	-0.048909	0.983262	-0.520955	0.852083	-0.050606	-0.835345	-0.521117	-0.175031
58523	9.631134	-0.518351	-1.706170	0.006178	0.000120	-0.004250	-0.175525	-0.048931	0.983258	-0.520955	0.852084	-0.050595	-0.835343	-0.521113	-0.175053
58524	9.661547	-0.473316	-1.712018	0.006931	0.006302	0.000248	-0.175510	-0.048882	0.983263	-0.520951	0.852084	-0.050628	-0.835348	-0.521117	-0.175014
58525	9.631290	-0.518252	-1.705316	0.007300	0.003546	-0.003151	-0.175500	-0.048876	0.983265	-0.520958	0.852080	-0.050629	-0.835346	-0.521125	-0.175002
58526	9.661684	-0.473170	-1.711285	0.008092	0.000332	-0.002218	-0.175521	-0.048879	0.983262	-0.520970	0.852071	-0.050641	-0.835334	-0.521138	-0.175020
58527	9.631383	-0.518071	-1.704848	0.004812	0.003984	-0.001173	-0.175517	-0.048854	0.983263	-0.520953	0.852081	-0.050657	-0.835345	-0.521125	-0.175005
58528	9.658246	-0.496176	-1.703783	0.008503	0.004542	-0.003445	-0.175495	-0.048845	0.983268	-0.520974	0.852068	-0.050657	-0.835337	-0.521147	-0.174981
58529	9.641758	-0.502145	-1.733242	0.007177	-0.000990	-0.003931	-0.175519	-0.048869	0.983262	-0.520981	0.852064	-0.050650	-0.835327	-0.521151	-0.175013
58530	9.651646	-0.488279	-1.681220	0.008011	0.002763	-0.000827	-0.175526	-0.048847	0.983262	-0.520990	0.852057	-0.050675	-0.835320	-0.521165	-0.175007
58531	9.631620	-0.517536	-1.703673	0.004101	0.004768	-0.003499	-0.175504	-0.048838	0.983267	-0.520972	0.852069	-0.050667	-0.835336	-0.521146	-0.174985
58532	9.648214	-0.511072	-1.673740	0.008380	0.000006	-0.004225	-0.175519	-0.048857	0.983263	-0.520985	0.852061	-0.050661	-0.835325	-0.521158	-0.175007
58533	9.638867	-0.470690	-1.716803	0.006302	0.004655	-0.003473	-0.175498	-0.048848	0.983267	-0.520985	0.852062	-0.050657	-0.835330	-0.521157	-0.174984
58534	9.645595	-0.478028	-1.738821	0.007178	-0.000990	-0.003932	-0.175521	-0.048872	0.983262	-0.520995	0.852055	-0.050651	-0.835318	-0.521165	-0.175016
58535	9.645634	-0.477812	-1.738663	0.007300	0.003546	-0.003154	-0.175511	-0.048866	0.983264	-0.521002	0.852051	-0.050653	-0.835316	-0.521173	-0.175003
58536	9.642149	-0.500801	-1.731454	0.007300	0.003546	-0.003154	-0.175500	-0.048860	0.983266	-0.521011	0.852046	-0.050654	-0.835313	-0.521182	-0.174990
58537	9.652073	-0.486848	-1.679182	0.009502	0.003433	-0.003129	-0.175491	-0.048854	0.983268	-0.521036	0.852030	-0.050660	-0.835299	-0.521208	-0.174978
58538	9.638732	-0.523655	-1.723912	0.006098	0.002550	-0.002861	-0.175491	-0.048851	0.983268	-0.521034	0.852031	-0.050662	-0.835301	-0.521207	-0.174976
58539	9.639212	-0.469461	-1.715203	0.001778	0.000344	-0.004305	-0.175501	-0.048871	0.983265	-0.520997	0.852055	-0.050642	-0.835321	-0.521166	-0.174999
58540	9.662036	-0.524558	-1.716078	0.007013	0.003872	-0.001150	-0.175500	-0.048847	0.983267	-0.520997	0.852054	-0.050662	-0.835322	-0.521170	-0.174984
58541	9.658966	-0.493749	-1.700402	0.007096	0.001441	-0.002541	-0.175510	-0.048847	0.983265	-0.521001	0.852051	-0.050669	-0.835317	-0.521175	-0.174993
58542	9.605899	-0.483303	-1.692905	0.007096	0.001441	-0.002542	-0.175519	-0.048848	0.983263	-0.521007	0.852047	-0.050674	-0.835311	-0.521181	-0.175000
58543	9.665727	-0.501069	-1.722274	0.004895	0.001554	-0.002568	-0.175529	-0.048847	0.983262	-0.520993	0.852056	-0.050677	-0.835318	-0.521167	-0.175009
58544	9.626052	-0.505762	-1.759116	0.007301	0.003546	-0.003157	-0.175519	-0.048840	0.983264	-0.520998	0.852052	-0.050679	-0.835317	-0.521173	-0.174997
58545	9.628831	-0.538117	-1.693261	0.007096	0.001441	-0.002542	-0.175530	-0.048840	0.983262	-0.521002	0.852049	-0.050685	-0.835312	-0.521178	-0.175006
58546	9.659184	-0.493012	-1.699378	0.003692	0.000557	-0.002274	-0.175549	-0.048842	0.983258	-0.520977	0.852064	-0.050689	-0.835324	-0.521153	-0.175025
58547	9.636035	-0.491365	-1.706568	0.006591	0.004328	-0.005484	-0.175520	-0.048852	0.983263	-0.520982	0.852062	-0.050666	-0.835326	-0.521155	-0.175005
58548	9.666011	-0.500120	-1.720955	0.005811	0.002877	-0.000858	-0.175528	-0.048830	0.983263	-0.520972	0.852067	-0.050687	-0.835331	-0.521150	-0.175001
58549	9.636157	-0.491111	-1.705951	0.007097	0.001441	-0.002543	-0.175539	-0.048830	0.983261	-0.520977	0.852064	-0.050694	-0.835326	-0.521155	-0.175009
58550	9.649585	-0.506181	-1.750158	0.008300	0.002438	-0.002838	-0.175539	-0.048826	0.983261	-0.520991	0.852055	-0.050701	-0.835317	-0.521170	-0.175007
58551	9.642962	-0.498407	-1.727615	0.005100	0.003658	-0.003185	-0.175528	-0.048820	0.983263	-0.520979	0.852062	-0.050698	-0.835326	-0.521159	-0.174995
58552	9.639466	-0.521397	-1.720484	0.007097	0.001441	-0.002544	-0.175540	-0.048819	0.983261	-0.520981	0.852061	-0.050705	-0.835323	-0.521161	-0.175004
58553	9.652901	-0.484214	-1.675179	0.005100	0.003658	-0.003186	-0.175529	-0.048813	0.983263	-0.520970	0.852068	-0.050702	-0.835332	-0.521150	-0.174992
58554	9.632919	-0.513419	-1.697562	0.008505	0.004542	-0.003455	-0.175509	-0.048804	0.983267	-0.520986	0.852058	-0.050702	-0.835327	-0.521167	-0.174970
58555	9.636543	-0.490267	-1.704012	0.005523	0.003204	0.001146	-0.175524	-0.048763	0.983267	-0.520971	0.852065	-0.050743	-0.835333	-0.521160	-0.174962
58556	9.662939	-0.522330	-1.711665	0.007385	0.001114	-0.004550	-0.175525	-0.048782	0.983266	-0.520984	0.852058	-0.050730	-0.835324	-0.521170	-0.174972
58557	9.606733	-0.481034	-1.688811	0.008301	0.002438	-0.002840	-0.175526	-0.048779	0.983266	-0.520999	0.852048	-0.050736	-0.835315	-0.521186	-0.174971
58558	9.673295	-0.506406	-1.740248	0.006099	0.002550	-0.002866	-0.175528	-0.048775	0.983266	-0.520992	0.852052	-0.050739	-0.835319	-0.521179	-0.174970
58559	9.630024	-0.482107	-1.680955	0.006893	-0.000663	-0.001929	-0.175559	-0.048780	0.983260	-0.520993	0.852051	-0.050751	-0.835311	-0.521181	-0.175000
58560	9.656415	-0.514098	-1.688664	0.007302	0.003546	-0.003162	-0.175549	-0.048775	0.983262	-0.521000	0.852047	-0.050751	-0.835309	-0.521189	-0.174987
58561	9.647085	-0.473775	-1.731705	0.007591	0.003218	-0.005168	-0.175531	-0.048788	0.983264	-0.521013	0.852040	-0.050733	-0.835305	-0.521199	-0.174978
58562	9.640055	-0.519895	-1.717640	0.003609	0.002989	-0.000887	-0.175535	-0.048764	0.983265	-0.520986	0.852055	-0.050751	-0.835321	-0.521176	-0.174971
58563	9.636962	-0.488876	-1.702042	0.011080	0.001671	-0.006829	-0.175522	-0.048799	0.983265	-0.521031	0.852029	-0.050723	-0.835295	-0.521215	-0.174976
58564	9.633472	-0.511806	-1.694908	0.005811	0.002877	-0.000862	-0.175529	-0.048777	0.983265	-0.521022	0.852033	-0.050744	-0.835299	-0.521210	-0.174971
58565	9.666974	-0.497553	-1.716283	0.007098	0.001441	-0.002547	-0.175540	-0.048777	0.983263	-0.521027	0.852030	-0.050751	-0.835295	-0.521215	-0.174980
58566	9.624166	-0.471548	-1.737811	0.005101	0.003658	-0.003190	-0.175527	-0.048771	0.983266	-0.521017	0.852037	-0.050747	-0.835303	-0.521205	-0.174966
58567	9.656852	-0.512624	-1.686612	0.006388	0.002222	-0.004875	-0.175519	-0.048787	0.983266	-0.521019	0.852036	-0.050730	-0.835304	-0.521205	-0.174968
58568	9.670736	-0.473709	-1.722141	0.005017	0.006090	-0.001801	-0.175496	-0.048756	0.983272	-0.521004	0.852045	-0.050741	-0.835318	-0.521194	-0.174932
58569	9.623556	-0.526487	-1.664172	0.007099	0.001442	-0.002548	-0.175506	-0.048756	0.983270	-0.521009	0.852041	-0.050748	-0.835313	-0.521199	-0.174941
58570	9.644087	-0.495324	-1.722213	0.008097	0.000334	-0.002226	-0.175528	-0.048758	0.983266	-0.521022	0.852033	-0.050760	-0.835300	-0.521213	-0.174960
58571	9.663789	-0.519573	-1.707704	0.004187	0.002333	-0.004901	-0.175519	-0.048774	0.983267	-0.521006	0.852044	-0.050738	-0.835312	-0.521194	-0.174961
58572	9.641022	-0.464133	-1.706461	0.008013	0.002766	-0.000838	-0.175529	-0.048752	0.983266	-0.521014	0.852037	-0.050764	-0.835305	-0.521206	-0.174958
58573	9.660747	-0.488535	-1.691766	0.005102	0.003658	-0.003191	-0.175518	-0.048746	0.983269	-0.521003	0.852044	-0.050761	-0.835314	-0.521195	-0.174946
58574	9.640788	-0.517692	-1.714186	0.007592	0.003218	-0.005173	-0.175501	-0.048759	0.983271	-0.521014	0.852039	-0.050743	-0.835311	-0.521203	-0.174938
58575	9.637689	-0.486638	-1.698562	0.006100	0.002550	-0.002870	-0.175501	-0.048755	0.983271	-0.521010	0.852041	-0.050745	-0.835313	-0.521200	-0.174936
58576	9.644450	-0.494081	-1.720536	0.002695	0.001665	-0.002599	-0.175509	-0.048754	0.983270	-0.520976	0.852062	-0.050744	-0.835333	-0.521166	-0.174945
58577	9.627546	-0.501682	-1.668990	0.007593	0.003218	-0.005174	-0.175492	-0.048767	0.983272	-0.520989	0.852055	-0.050726	-0.835328	-0.521176	-0.174936
58578	9.614643	-0.484615	-1.705341	0.008098	0.000334	-0.002228	-0.175512	-0.048771	0.983268	-0.521005	0.852044	-0.050737	-0.835314	-0.521193	-0.174954
58579	9.637887	-0.485699	-1.697710	0.004188	0.002332	-0.004903	-0.175503	-0.048786	0.983269	-0.520989	0.852055	-0.050716	-0.835326	-0.521173	-0.174955
58580	9.634425	-0.508649	-1.690438	0.008218	0.004872	-0.001459	-0.175490	-0.048759	0.983273	-0.521001	0.852047	-0.050734	-0.835321	-0.521190	-0.174929
58581	9.667957	-0.494369	-1.711660	0.006101	0.002550	-0.002872	-0.175490	-0.048756	0.983273	-0.520998	0.852049	-0.050736	-0.835323	-0.521187	-0.174928
58582	9.634555	-0.508408	-1.689767	0.008303	0.002439	-0.002847	-0.175489	-0.048754	0.983273	-0.521015	0.852038	-0.050741	-0.835313	-0.521204	-0.174925
58583	9.621653	-0.491451	-1.726111	0.007100	0.001442	-0.002551	-0.175500	-0.048754	0.983272	-0.521019	0.852035	-0.050748	-0.835308	-0.521210	-0.174934
58584	9.661390	-0.486295	-1.688739	0.006101	0.002550	-0.002873	-0.175499	-0.048751	0.983272	-0.521019	0.852035	-0.050749	-0.835308	-0.521210	-0.174931
58585	9.654834	-0.530842	-1.755783	0.007185	-0.000991	-0.003939	-0.175522	-0.048775	0.983266	-0.521026	0.852031	-0.050743	-0.835298	-0.521214	-0.174964
58586	9.621781	-0.490829	-1.725569	0.004103	0.004765	-0.003517	-0.175500	-0.048766	0.983271	-0.521007	0.852043	-0.050735	-0.835315	-0.521195	-0.174941
58587	9.651763	-0.499616	-1.740006	0.008099	0.000334	-0.002230	-0.175522	-0.048769	0.983267	-0.521019	0.852035	-0.050747	-0.835303	-0.521208	-0.174960
58588	9.645097	-0.491933	-1.717524	0.008219	0.004872	-0.001462	-0.175509	-0.048740	0.983271	-0.521032	0.852026	-0.050767	-0.835298	-0.521225	-0.174934
58589	9.595223	-0.512283	-1.725249	0.005188	0.001224	-0.004583	-0.175511	-0.048759	0.983269	-0.521024	0.852032	-0.050750	-0.835302	-0.521214	-0.174945
58590	9.678683	-0.477301	-1.738554	0.007305	0.003546	-0.003172	-0.175500	-0.048754	0.983271	-0.521032	0.852027	-0.050751	-0.835300	-0.521223	-0.174933
58591	9.641758	-0.514461	-1.709699	0.006102	0.002550	-0.002875	-0.175500	-0.048750	0.983272	-0.521029	0.852029	-0.050753	-0.835302	-0.521220	-0.174931
58592	9.615413	-0.482206	-1.701679	0.007101	0.001442	-0.002553	-0.175510	-0.048751	0.983270	-0.521035	0.852024	-0.050759	-0.835295	-0.521227	-0.174939
58593	9.641846	-0.514147	-1.709297	0.002696	0.001664	-0.002602	-0.175518	-0.048750	0.983268	-0.521003	0.852044	-0.050758	-0.835314	-0.521195	-0.174948
58594	9.631641	-0.529377	-1.679985	0.008594	0.002109	-0.004857	-0.175511	-0.048766	0.983269	-0.521025	0.852032	-0.050744	-0.835302	-0.521214	-0.174949
58595	9.641952	-0.513826	-1.708794	0.005523	0.003209	0.001138	-0.175526	-0.048725	0.983268	-0.521010	0.852039	-0.050785	-0.835308	-0.521206	-0.174941
58596	9.649060	-0.467479	-1.722388	0.007391	0.001112	-0.004560	-0.175529	-0.048743	0.983267	-0.521020	0.852033	-0.050773	-0.835301	-0.521214	-0.174952
58597	9.618855	-0.512222	-1.715775	0.007305	0.003546	-0.003174	-0.175519	-0.048737	0.983269	-0.521028	0.852028	-0.050774	-0.835298	-0.521222	-0.174940
58598	9.645645	-0.490225	-1.714933	0.007101	0.001442	-0.002554	-0.175529	-0.048737	0.983267	-0.521031	0.852026	-0.050781	-0.835294	-0.521226	-0.174949
58599	9.642155	-0.513151	-1.707852	0.007391	0.001112	-0.004561	-0.175532	-0.048755	0.983266	-0.521041	0.852020	-0.050768	-0.835287	-0.521233	-0.174960
58600	9.652493	-0.497373	-1.736594	0.005307	0.005761	-0.003820	-0.175500	-0.048741	0.983272	-0.521030	0.852028	-0.050761	-0.835301	-0.521223	-0.174927
58601	9.642313	-0.512654	-1.707109	0.007102	0.001442	-0.002555	-0.175511	-0.048741	0.983270	-0.521034	0.852024	-0.050768	-0.835296	-0.521228	-0.174935
58602	9.662857	-0.481595	-1.765200	0.008101	0.000335	-0.002233	-0.175530	-0.048745	0.983267	-0.521050	0.852014	-0.050778	-0.835282	-0.521244	-0.174953
58603	9.626254	-0.464685	-1.728067	0.002191	0.004544	-0.005554	-0.175499	-0.048755	0.983272	-0.521018	0.852036	-0.050747	-0.835308	-0.521209	-0.174934
58604	9.642483	-0.511950	-1.706359	0.008305	0.002439	-0.002854	-0.175501	-0.048751	0.983271	-0.521031	0.852027	-0.050753	-0.835300	-0.521222	-0.174933
58605	9.675991	-0.497617	-1.727753	0.004899	0.001553	-0.002580	-0.175511	-0.048751	0.983270	-0.521017	0.852036	-0.050756	-0.835307	-0.521208	-0.174942
58606	9.626441	-0.463938	-1.727225	0.005394	0.003327	-0.005208	-0.175492	-0.048763	0.983272	-0.521012	0.852040	-0.050734	-0.835314	-0.521200	-0.174933
58607	9.642663	-0.511221	-1.705559	0.006103	0.002550	-0.002879	-0.175492	-0.048760	0.983273	-0.521009	0.852042	-0.050736	-0.835316	-0.521197	-0.174931
58608	9.649760	-0.464693	-1.719216	0.007392	0.001112	-0.004563	-0.175495	-0.048779	0.983271	-0.521017	0.852038	-0.050723	-0.835310	-0.521203	-0.174943
58609	9.639231	-0.533899	-1.698252	0.007102	0.001443	-0.002556	-0.175505	-0.048779	0.983269	-0.521022	0.852034	-0.050730	-0.835305	-0.521208	-0.174952
58610	9.629327	-0.495261	-1.660609	0.006103	0.002550	-0.002879	-0.175503	-0.048776	0.983270	-0.521021	0.852035	-0.050731	-0.835306	-0.521207	-0.174948
58611	9.629918	-0.493758	-1.741277	0.003610	0.002990	-0.000897	-0.175510	-0.048754	0.983270	-0.520993	0.852051	-0.050748	-0.835322	-0.521184	-0.174944
58612	9.636169	-0.502664	-1.682269	0.007393	0.001112	-0.004564	-0.175512	-0.048773	0.983268	-0.521004	0.852045	-0.050734	-0.835315	-0.521191	-0.174955
58613	9.646468	-0.486979	-1.711225	0.007103	0.001443	-0.002557	-0.175522	-0.048773	0.983267	-0.521008	0.852042	-0.050741	-0.835310	-0.521196	-0.174964
58614	9.623298	-0.485484	-1.718612	0.006190	0.000115	-0.004265	-0.175536	-0.048793	0.983263	-0.521007	0.852044	-0.050731	-0.835308	-0.521192	-0.174986
58615	9.653268	-0.494228	-1.733183	0.007103	0.001443	-0.002558	-0.175546	-0.048793	0.983261	-0.521011	0.852040	-0.050737	-0.835303	-0.521197	-0.174994
58616	9.639557	-0.532649	-1.696791	0.006307	0.004653	-0.003503	-0.175523	-0.048783	0.983266	-0.521012	0.852041	-0.050733	-0.835308	-0.521198	-0.174969
58617	9.653406	-0.493760	-1.732543	0.005191	0.001222	-0.004589	-0.175525	-0.048801	0.983265	-0.521004	0.852046	-0.050717	-0.835312	-0.521186	-0.174981
58618	9.653457	-0.493498	-1.732333	0.006104	0.002550	-0.002881	-0.175523	-0.048798	0.983265	-0.521001	0.852048	-0.050718	-0.835314	-0.521184	-0.174978
58619	9.656760	-0.524213	-1.747161	0.006017	0.004985	-0.001497	-0.175509	-0.048771	0.983269	-0.520994	0.852051	-0.050733	-0.835321	-0.521182	-0.174952
58620	9.643629	-0.454707	-1.694224	0.007394	0.001112	-0.004566	-0.175512	-0.048789	0.983268	-0.521005	0.852045	-0.050720	-0.835314	-0.521190	-0.174963
58621	9.639885	-0.531537	-1.695278	0.005104	0.003657	-0.003205	-0.175500	-0.048783	0.983270	-0.520994	0.852052	-0.050717	-0.835323	-0.521179	-0.174951
58622	9.657235	-0.469638	-1.738029	0.007103	0.001443	-0.002559	-0.175511	-0.048782	0.983268	-0.520997	0.852050	-0.050725	-0.835319	-0.521183	-0.174959
58623	9.643506	-0.508075	-1.701727	0.006104	0.002550	-0.002883	-0.175510	-0.048779	0.983268	-0.520994	0.852052	-0.050727	-0.835321	-0.521180	-0.174957
58624	9.647059	-0.484793	-1.708509	0.005900	0.000446	-0.002260	-0.175530	-0.048780	0.983265	-0.520988	0.852055	-0.050734	-0.835321	-0.521175	-0.174975
58625	9.627143	-0.514183	-1.730995	0.005104	0.003656	-0.003206	-0.175519	-0.048774	0.983267	-0.520977	0.852062	-0.050731	-0.835330	-0.521164	-0.174963
58626	9.647175	-0.484425	-1.707957	0.006104	0.002550	-0.002883	-0.175518	-0.048771	0.983267	-0.520972	0.852065	-0.050733	-0.835333	-0.521159	-0.174961
58627	9.643706	-0.507207	-1.700855	0.004279	-0.000107	-0.006298	-0.175523	-0.048811	0.983265	-0.520959	0.852075	-0.050698	-0.835340	-0.521139	-0.174987
58628	9.630832	-0.490139	-1.737238	0.008511	0.004544	-0.003484	-0.175502	-0.048801	0.983269	-0.520978	0.852063	-0.050699	-0.835333	-0.521159	-0.174963
58629	9.667043	-0.507923	-1.692725	0.006104	0.002550	-0.002884	-0.175501	-0.048798	0.983269	-0.520974	0.852065	-0.050701	-0.835335	-0.521156	-0.174961
58630	9.654168	-0.490954	-1.729095	0.006395	0.002218	-0.004892	-0.175492	-0.048814	0.983270	-0.520980	0.852063	-0.050683	-0.835334	-0.521158	-0.174961
58631	9.624268	-0.481734	-1.714228	0.004901	0.001553	-0.002584	-0.175501	-0.048814	0.983268	-0.520966	0.852071	-0.050685	-0.835341	-0.521145	-0.174970
58632	9.640474	-0.529215	-1.692651	0.005610	0.000778	-0.000254	-0.175526	-0.048797	0.983265	-0.520957	0.852075	-0.050711	-0.835341	-0.521139	-0.174983
58633	9.651031	-0.459596	-1.713446	0.007687	0.000780	-0.006576	-0.175521	-0.048835	0.983264	-0.520973	0.852067	-0.050680	-0.835332	-0.521149	-0.174998
58634	9.630886	-0.542945	-1.744042	0.003523	0.005427	0.000482	-0.175514	-0.048787	0.983267	-0.520940	0.852085	-0.050710	-0.835354	-0.521124	-0.174968
58635	9.617712	-0.473467	-1.691106	0.008599	0.002109	-0.004870	-0.175507	-0.048803	0.983268	-0.520961	0.852073	-0.050697	-0.835342	-0.521142	-0.174970
58636	9.657731	-0.520620	-1.742861	0.006396	0.002218	-0.004893	-0.175499	-0.048819	0.983268	-0.520963	0.852074	-0.050680	-0.835343	-0.521141	-0.174971
58637	9.644288	-0.504940	-1.698229	0.007308	0.003547	-0.003187	-0.175489	-0.048813	0.983270	-0.520970	0.852069	-0.050680	-0.835340	-0.521148	-0.174959
58638	9.614400	-0.495805	-1.683252	0.006105	0.002550	-0.002886	-0.175488	-0.048809	0.983271	-0.520966	0.852071	-0.050682	-0.835343	-0.521145	-0.174956
58639	9.651162	-0.512318	-1.719832	0.007105	0.001444	-0.002563	-0.175499	-0.048809	0.983269	-0.520971	0.852068	-0.050689	-0.835338	-0.521150	-0.174965
58640	9.658230	-0.465806	-1.733527	0.007600	0.003215	-0.005195	-0.175483	-0.048820	0.983271	-0.520983	0.852062	-0.050673	-0.835334	-0.521160	-0.174957
58641	9.617820	-0.526071	-1.697668	0.004610	0.001885	-0.000579	-0.175500	-0.048801	0.983269	-0.520963	0.852073	-0.050695	-0.835343	-0.521144	-0.174962
58642	9.654832	-0.488616	-1.726047	0.008600	0.002109	-0.004872	-0.175492	-0.048817	0.983270	-0.520985	0.852060	-0.050682	-0.835331	-0.521163	-0.174963
58643	9.644626	-0.503786	-1.696649	0.006105	0.002550	-0.002888	-0.175492	-0.048814	0.983270	-0.520981	0.852062	-0.050683	-0.835333	-0.521160	-0.174961
58644	9.628269	-0.510147	-1.725923	0.006017	0.004986	-0.001505	-0.175477	-0.048786	0.983274	-0.520974	0.852065	-0.050698	-0.835340	-0.521157	-0.174934
58645	9.667955	-0.504744	-1.688463	0.006194	0.000114	-0.004271	-0.175490	-0.048807	0.983271	-0.520974	0.852066	-0.050687	-0.835338	-0.521154	-0.174957
58646	9.625125	-0.478862	-1.710219	0.006309	0.004653	-0.003514	-0.175470	-0.048798	0.983275	-0.520971	0.852069	-0.050684	-0.835344	-0.521151	-0.174935
58647	9.644886	-0.503053	-1.695389	0.007106	0.001444	-0.002565	-0.175481	-0.048798	0.983273	-0.520975	0.852065	-0.050690	-0.835339	-0.521156	-0.174943
58648	9.621718	-0.501766	-1.702766	0.003407	0.000888	-0.000279	-0.175508	-0.048781	0.983269	-0.520945	0.852083	-0.050713	-0.835352	-0.521129	-0.174959
58649	9.644944	-0.502769	-1.695142	0.007689	0.000778	-0.006580	-0.175503	-0.048818	0.983268	-0.520961	0.852074	-0.050681	-0.835343	-0.521139	-0.174974
58650	9.645031	-0.502561	-1.694712	0.005929	0.007422	-0.000125	-0.175475	-0.048766	0.983275	-0.520952	0.852078	-0.050710	-0.835355	-0.521138	-0.174923
58651	9.648604	-0.479324	-1.701311	0.006194	0.000114	-0.004272	-0.175487	-0.048788	0.983272	-0.520952	0.852079	-0.050698	-0.835352	-0.521135	-0.174945
58652	9.632205	-0.485710	-1.730857	0.009018	0.001668	-0.000535	-0.175505	-0.048769	0.983270	-0.520970	0.852066	-0.050727	-0.835337	-0.521157	-0.174949
58653	9.621973	-0.501082	-1.701523	0.004903	0.001553	-0.002589	-0.175515	-0.048769	0.983268	-0.520956	0.852075	-0.050730	-0.835344	-0.521143	-0.174958
58654	9.641710	-0.525276	-1.686832	0.004903	0.001553	-0.002589	-0.175524	-0.048769	0.983267	-0.520943	0.852083	-0.050732	-0.835350	-0.521130	-0.174966
58655	9.662313	-0.494296	-1.744795	0.008513	0.004544	-0.003494	-0.175504	-0.048760	0.983271	-0.520961	0.852072	-0.050732	-0.835343	-0.521149	-0.174944
58656	9.641875	-0.524788	-1.686036	0.006602	0.004320	-0.005525	-0.175473	-0.048771	0.983276	-0.520967	0.852069	-0.050707	-0.835346	-0.521152	-0.174923
58657	9.655706	-0.486180	-1.721841	0.006523	0.002111	0.001449	-0.175499	-0.048733	0.983273	-0.520960	0.852071	-0.050753	-0.835345	-0.521153	-0.174925
58658	9.629043	-0.507977	-1.722237	0.008691	-0.000328	-0.006258	-0.175506	-0.048774	0.983269	-0.520982	0.852059	-0.050726	-0.835330	-0.521168	-0.174951
