// General information: 
//  MT Manager version: 2019.2.0 
//  XDA version: 2019.2.0 build 3853 rev 94535 built on 2019-09-09
// Device information: 
//  DeviceId: 00B44109
//  ProductCode: MTW2-3A7G6
//  Firmware Version: 4.3.5
//  Hardware Version: 1.1.0
// Device settings: 
//  Filter Profile: human(46.1)
//  Option Flags: Orientation Smoother Disabled, AHS Disabled, ICC Disabled
// Coordinate system: ENU
PacketCounter	Acc_X	Acc_Y	Acc_Z	Gyr_X	Gyr_Y	Gyr_Z	Mat[1][1]	Mat[2][1]	Mat[3][1]	Mat[1][2]	Mat[2][2]	Mat[3][2]	Mat[1][3]	Mat[2][3]	Mat[3][3]
42075	9.543372	-0.089274	-2.398618	0.001765	0.001671	-0.001195	0.242763	0.029850	0.969626	0.156511	-0.987637	-0.008781	0.957377	0.153889	-0.244433
42076	9.534538	-0.094383	-2.431341	-0.001281	0.002973	-0.002056	0.242752	0.029849	0.969629	0.156501	-0.987639	-0.008777	0.957381	0.153878	-0.244423
42077	9.519394	-0.069053	-2.413017	0.002257	0.000064	-0.002577	0.242769	0.029857	0.969625	0.156524	-0.987635	-0.008778	0.957373	0.153901	-0.244441
42078	9.510484	-0.091761	-2.388478	-0.004920	0.007453	-0.001632	0.242718	0.029846	0.969638	0.156478	-0.987643	-0.008769	0.957394	0.153855	-0.244388
42079	9.531670	-0.069707	-2.433489	0.000392	-0.000035	-0.001479	0.242737	0.029844	0.969633	0.156481	-0.987642	-0.008775	0.957388	0.153859	-0.244408
42080	9.534800	-0.093559	-2.430348	-0.001281	0.002973	-0.002056	0.242730	0.029843	0.969635	0.156471	-0.987644	-0.008772	0.957392	0.153849	-0.244400
42081	9.531784	-0.069307	-2.433054	0.002057	0.003208	-0.002771	0.242716	0.029849	0.969638	0.156494	-0.987640	-0.008770	0.957392	0.153871	-0.244388
42082	9.559026	-0.112941	-2.414995	-0.002754	0.002837	-0.002438	0.242706	0.029850	0.969640	0.156470	-0.987644	-0.008761	0.957398	0.153846	-0.244378
42083	9.528721	-0.062477	-2.378358	0.000192	0.003108	-0.001674	0.242696	0.029845	0.969643	0.156472	-0.987644	-0.008765	0.957400	0.153849	-0.244367
42084	9.535085	-0.092639	-2.429262	0.000685	0.001501	-0.003056	0.242700	0.029856	0.969642	0.156483	-0.987642	-0.008757	0.957398	0.153858	-0.244372
42085	9.510950	-0.090351	-2.386677	0.001272	0.003279	0.000187	0.242690	0.029833	0.969645	0.156490	-0.987640	-0.008781	0.957399	0.153871	-0.244359
42086	9.523104	-0.091421	-2.407631	-0.001573	0.001436	-0.000479	0.242699	0.029819	0.969643	0.156474	-0.987643	-0.008793	0.957399	0.153858	-0.244366
42087	9.540986	-0.063015	-2.398880	-0.000587	-0.001778	-0.003243	0.242733	0.029837	0.969634	0.156472	-0.987643	-0.008779	0.957391	0.153852	-0.244402
42088	9.526216	-0.114943	-2.404585	0.000584	0.003073	-0.003153	0.242719	0.029846	0.969637	0.156479	-0.987642	-0.008769	0.957393	0.153857	-0.244390
42089	9.553178	-0.063576	-2.419700	0.000192	0.003108	-0.001674	0.242709	0.029841	0.969640	0.156481	-0.987642	-0.008773	0.957395	0.153860	-0.244379
42090	9.520156	-0.066478	-2.410079	-0.001181	0.001401	-0.001958	0.242714	0.029840	0.969639	0.156471	-0.987644	-0.008772	0.957396	0.153850	-0.244384
42091	9.559482	-0.111163	-2.413276	-0.000889	0.002938	-0.003535	0.242702	0.029854	0.969641	0.156467	-0.987644	-0.008756	0.957400	0.153842	-0.244374
42092	9.535483	-0.091050	-2.427761	0.000192	0.003108	-0.001674	0.242692	0.029849	0.969644	0.156471	-0.987644	-0.008760	0.957401	0.153847	-0.244364
42093	9.499365	-0.069961	-2.421137	0.000292	0.001537	-0.001577	0.242697	0.029846	0.969643	0.156473	-0.987643	-0.008765	0.957400	0.153850	-0.244368
42094	9.544436	-0.085503	-2.394518	0.000393	-0.000035	-0.001479	0.242717	0.029843	0.969638	0.156478	-0.987643	-0.008772	0.957394	0.153856	-0.244388
42095	9.523515	-0.089428	-2.406078	-0.000989	0.004509	-0.003632	0.242690	0.029855	0.969644	0.156473	-0.987643	-0.008754	0.957402	0.153847	-0.244363
42096	9.523589	-0.089201	-2.405796	-0.001573	0.001436	-0.000479	0.242696	0.029841	0.969643	0.156454	-0.987646	-0.008765	0.957403	0.153832	-0.244367
42097	9.526744	-0.113112	-2.402579	0.000192	0.003108	-0.001674	0.242686	0.029836	0.969646	0.156456	-0.987646	-0.008769	0.957405	0.153835	-0.244356
42098	9.499606	-0.068984	-2.420219	-0.000687	-0.000206	-0.003340	0.242704	0.029852	0.969641	0.156453	-0.987647	-0.008754	0.957401	0.153828	-0.244376
42099	9.544692	-0.084380	-2.393536	-0.001281	0.002973	-0.002056	0.242694	0.029851	0.969643	0.156442	-0.987648	-0.008751	0.957406	0.153816	-0.244367
42100	9.523776	-0.088378	-2.405085	0.003630	0.001773	-0.002292	0.242696	0.029854	0.969643	0.156476	-0.987643	-0.008756	0.957400	0.153851	-0.244368
42101	9.550575	-0.054725	-2.363145	-0.004619	0.002737	-0.001341	0.242689	0.029847	0.969645	0.156431	-0.987650	-0.008752	0.957409	0.153806	-0.244361
42102	9.523903	-0.088128	-2.404591	-0.000594	0.003179	0.001284	0.242684	0.029813	0.969647	0.156420	-0.987652	-0.008783	0.957412	0.153804	-0.244350
42103	9.508807	-0.062778	-2.385987	-0.002169	0.005911	-0.005591	0.242640	0.029842	0.969657	0.156409	-0.987654	-0.008743	0.957425	0.153784	-0.244312
42104	9.557167	-0.084500	-2.413274	0.000000	0.000000	0.000000	0.242640	0.029843	0.969657	0.156409	-0.987654	-0.008742	0.957425	0.153784	-0.244312
42105	9.524104	-0.087388	-2.403821	-0.002260	0.001231	-0.003820	0.242645	0.029862	0.969656	0.156392	-0.987657	-0.008719	0.957426	0.153762	-0.244320
42106	9.512034	-0.086063	-2.382510	0.001765	0.001672	-0.001194	0.242648	0.029853	0.969655	0.156409	-0.987654	-0.008733	0.957423	0.153782	-0.244322
42107	9.524180	-0.087000	-2.403537	-0.001180	0.001401	-0.001959	0.242654	0.029854	0.969653	0.156398	-0.987656	-0.008731	0.957423	0.153771	-0.244327
42108	9.545190	-0.082611	-2.391612	0.002158	0.001637	-0.002673	0.242658	0.029862	0.969652	0.156424	-0.987651	-0.008730	0.957417	0.153796	-0.244333
42109	9.527377	-0.110600	-2.400184	-0.004619	0.002737	-0.001341	0.242652	0.029854	0.969654	0.156379	-0.987659	-0.008725	0.957427	0.153751	-0.244326
42110	9.512235	-0.085295	-2.381736	0.000191	0.003109	-0.001674	0.242642	0.029849	0.969657	0.156381	-0.987658	-0.008728	0.957429	0.153754	-0.244315
42111	9.566446	-0.060213	-2.436404	-0.001372	-0.001707	-0.000285	0.242679	0.029838	0.969648	0.156364	-0.987661	-0.008742	0.957422	0.153740	-0.244350
42112	9.524399	-0.086087	-2.402702	0.000484	0.004646	-0.003250	0.242651	0.029846	0.969654	0.156371	-0.987660	-0.008731	0.957428	0.153745	-0.244324
42113	9.503502	-0.089911	-2.414205	-0.002260	0.001231	-0.003820	0.242655	0.029865	0.969653	0.156355	-0.987663	-0.008708	0.957430	0.153723	-0.244331
42114	9.545478	-0.081267	-2.390510	0.000292	0.001537	-0.001576	0.242660	0.029862	0.969652	0.156356	-0.987662	-0.008712	0.957428	0.153725	-0.244335
42115	9.536657	-0.086317	-2.423318	0.000685	0.001502	-0.003056	0.242662	0.029873	0.969651	0.156366	-0.987661	-0.008704	0.957426	0.153733	-0.244339
42116	9.548824	-0.087274	-2.444273	-0.002067	0.003043	0.000902	0.242658	0.029843	0.969653	0.156340	-0.987665	-0.008727	0.957431	0.153713	-0.244330
42117	9.515690	-0.108008	-2.377394	0.000091	0.004681	-0.001771	0.242632	0.029837	0.969659	0.156341	-0.987665	-0.008729	0.957438	0.153715	-0.244304
42118	9.533757	-0.061954	-2.425512	0.000393	-0.000035	-0.001479	0.242652	0.029835	0.969654	0.156344	-0.987664	-0.008735	0.957432	0.153719	-0.244324
42119	9.524773	-0.084608	-2.401268	0.002944	0.001568	-0.005631	0.242651	0.029872	0.969654	0.156382	-0.987658	-0.008707	0.957426	0.153749	-0.244327
42120	9.503847	-0.088524	-2.412897	0.001765	0.001673	-0.001194	0.242655	0.029865	0.969653	0.156397	-0.987656	-0.008719	0.957423	0.153767	-0.244330
42121	9.503889	-0.088454	-2.412736	0.001765	0.001673	-0.001194	0.242659	0.029857	0.969652	0.156413	-0.987653	-0.008731	0.957419	0.153785	-0.244333
42122	9.545881	-0.079999	-2.388942	-0.001674	0.003008	-0.000577	0.242653	0.029842	0.969654	0.156395	-0.987656	-0.008741	0.957424	0.153770	-0.244324
42123	9.512836	-0.082930	-2.379419	0.000786	-0.000070	-0.002958	0.242671	0.029855	0.969649	0.156406	-0.987654	-0.008734	0.957417	0.153778	-0.244344
42124	9.542842	-0.055445	-2.391674	-0.002361	0.002802	-0.003918	0.242660	0.029872	0.969651	0.156389	-0.987657	-0.008710	0.957423	0.153757	-0.244336
42125	9.540267	-0.108476	-2.418421	0.000292	0.001537	-0.001576	0.242664	0.029869	0.969650	0.156392	-0.987657	-0.008715	0.957421	0.153760	-0.244340
42126	9.533944	-0.078022	-2.367087	-0.003540	0.002907	0.000519	0.242659	0.029842	0.969652	0.156353	-0.987663	-0.008731	0.957429	0.153727	-0.244332
42127	9.504166	-0.087328	-2.411684	0.004124	0.000167	-0.003672	0.242674	0.029861	0.969648	0.156397	-0.987656	-0.008725	0.957418	0.153768	-0.244349
42128	9.558233	-0.079824	-2.409206	-0.003046	0.001300	-0.000862	0.242684	0.029852	0.969646	0.156367	-0.987660	-0.008729	0.957420	0.153739	-0.244357
42129	9.504261	-0.087000	-2.411324	0.001563	0.004817	-0.001389	0.242657	0.029841	0.969653	0.156381	-0.987658	-0.008739	0.957425	0.153756	-0.244329
42130	9.552667	-0.108791	-2.438505	-0.002754	0.002837	-0.002439	0.242647	0.029844	0.969655	0.156356	-0.987662	-0.008729	0.957432	0.153729	-0.244320
42131	9.522260	-0.058367	-2.401964	0.000292	0.001537	-0.001576	0.242652	0.029840	0.969654	0.156358	-0.987662	-0.008734	0.957430	0.153733	-0.244324
42132	9.528505	-0.106316	-2.395897	-0.001472	-0.000136	-0.000383	0.242674	0.029828	0.969649	0.156339	-0.987665	-0.008745	0.957428	0.153716	-0.244344
42133	9.534451	-0.059081	-2.422852	0.000877	0.004611	-0.004729	0.242644	0.029851	0.969656	0.156354	-0.987663	-0.008721	0.957433	0.153726	-0.244318
42134	9.546453	-0.077614	-2.386731	0.005305	-0.001234	-0.001713	0.242676	0.029853	0.969648	0.156405	-0.987654	-0.008737	0.957416	0.153778	-0.244349
42135	9.525531	-0.081733	-2.398361	-0.001776	0.004580	-0.000675	0.242653	0.029836	0.969654	0.156386	-0.987657	-0.008746	0.957425	0.153762	-0.244324
42136	9.528720	-0.105701	-2.395067	-0.000101	0.001572	-0.000097	0.242660	0.029817	0.969653	0.156382	-0.987658	-0.008765	0.957424	0.153763	-0.244328
42137	9.525662	-0.081590	-2.397845	0.000191	0.003109	-0.001674	0.242650	0.029812	0.969656	0.156384	-0.987657	-0.008769	0.957426	0.153766	-0.244317
42138	9.537840	-0.082514	-2.418789	0.000292	0.001537	-0.001576	0.242655	0.029808	0.969655	0.156387	-0.987657	-0.008774	0.957424	0.153770	-0.244322
42139	9.561973	-0.102129	-2.403787	-0.002754	0.002837	-0.002439	0.242646	0.029811	0.969657	0.156362	-0.987661	-0.008763	0.957431	0.153744	-0.244313
42140	9.483901	-0.089377	-2.420809	-0.003046	0.001300	-0.000863	0.242653	0.029800	0.969655	0.156329	-0.987666	-0.008767	0.957435	0.153712	-0.244318
42141	9.546858	-0.076641	-2.385144	0.000090	0.004681	-0.001771	0.242627	0.029793	0.969662	0.156330	-0.987666	-0.008770	0.957441	0.153715	-0.244292
42142	9.559038	-0.077694	-2.406083	-0.000393	0.000035	0.001479	0.242651	0.029762	0.969657	0.156319	-0.987667	-0.008803	0.957437	0.153711	-0.244311
42143	9.513868	-0.079733	-2.375400	0.000191	0.003109	-0.001674	0.242641	0.029757	0.969660	0.156320	-0.987667	-0.008807	0.957439	0.153714	-0.244300
42144	9.520330	-0.109981	-2.426294	0.001765	0.001673	-0.001194	0.242645	0.029749	0.969659	0.156339	-0.987664	-0.008820	0.957435	0.153735	-0.244303
42145	9.513963	-0.079411	-2.375027	-0.000787	0.001366	-0.003438	0.242649	0.029764	0.969658	0.156335	-0.987665	-0.008805	0.957435	0.153728	-0.244309
42146	9.529241	-0.104163	-2.393060	-0.000787	0.001366	-0.003438	0.242652	0.029779	0.969656	0.156333	-0.987665	-0.008790	0.957434	0.153722	-0.244315
42147	9.514037	-0.078857	-2.374752	0.001765	0.001673	-0.001194	0.242656	0.029771	0.969655	0.156348	-0.987663	-0.008802	0.957430	0.153740	-0.244317
42148	9.529341	-0.103811	-2.392680	0.002057	0.003211	-0.002770	0.242644	0.029777	0.969658	0.156371	-0.987659	-0.008799	0.957430	0.153762	-0.244306
42149	9.502220	-0.059796	-2.410184	-0.001675	0.003008	-0.000578	0.242636	0.029762	0.969661	0.156352	-0.987662	-0.008809	0.957435	0.153746	-0.244296
42150	9.538481	-0.080549	-2.416326	0.002158	0.001639	-0.002673	0.242637	0.029769	0.969660	0.156373	-0.987659	-0.008808	0.957431	0.153766	-0.244298
42151	9.505472	-0.083520	-2.406666	-0.001776	0.004580	-0.000675	0.242614	0.029752	0.969666	0.156354	-0.987662	-0.008816	0.957440	0.153750	-0.244273
42152	9.538633	-0.080269	-2.415738	0.000292	0.001537	-0.001576	0.242619	0.029748	0.969665	0.156356	-0.987661	-0.008821	0.957439	0.153753	-0.244277
42153	9.502465	-0.059160	-2.409233	0.000686	0.001503	-0.003055	0.242622	0.029760	0.969664	0.156366	-0.987660	-0.008813	0.957436	0.153761	-0.244281
42154	9.526579	-0.078812	-2.394292	-0.001574	0.001436	-0.000480	0.242631	0.029745	0.969663	0.156349	-0.987663	-0.008824	0.957437	0.153746	-0.244288
42155	9.529718	-0.102665	-2.391225	0.000787	-0.000069	-0.002958	0.242648	0.029758	0.969658	0.156359	-0.987661	-0.008817	0.957431	0.153754	-0.244307
42156	9.535461	-0.073063	-2.361129	-0.000888	0.002938	-0.003536	0.242637	0.029771	0.969660	0.156357	-0.987661	-0.008802	0.957434	0.153749	-0.244298
42157	9.530032	-0.084398	-2.447850	0.000090	0.004681	-0.001771	0.242611	0.029764	0.969667	0.156358	-0.987661	-0.008805	0.957440	0.153752	-0.244271
42158	9.505828	-0.082115	-2.405308	0.000394	-0.000035	-0.001479	0.242632	0.029763	0.969662	0.156360	-0.987661	-0.008809	0.957435	0.153754	-0.244292
42159	9.550863	-0.097613	-2.378705	0.000394	-0.000035	-0.001479	0.242652	0.029761	0.969657	0.156363	-0.987660	-0.008816	0.957429	0.153758	-0.244311
42160	9.523681	-0.053526	-2.396436	0.002552	0.001604	-0.004151	0.242651	0.029783	0.969656	0.156391	-0.987656	-0.008800	0.957425	0.153781	-0.244313
42161	9.527047	-0.059616	-2.450332	0.000191	0.003109	-0.001674	0.242640	0.029778	0.969659	0.156392	-0.987656	-0.008804	0.957427	0.153784	-0.244302
42162	9.523593	-0.070830	-2.338939	0.000394	-0.000035	-0.001479	0.242661	0.029776	0.969654	0.156395	-0.987655	-0.008809	0.957422	0.153786	-0.244322
42163	9.505987	-0.081258	-2.404710	0.001663	0.003246	-0.001291	0.242649	0.029767	0.969657	0.156410	-0.987653	-0.008821	0.957422	0.153804	-0.244309
42164	9.527039	-0.077034	-2.392520	0.001168	0.004852	0.000091	0.242624	0.029742	0.969664	0.156415	-0.987652	-0.008844	0.957428	0.153816	-0.244280
42165	9.509288	-0.105208	-2.401015	0.000292	0.001537	-0.001576	0.242629	0.029738	0.969663	0.156418	-0.987651	-0.008849	0.957426	0.153819	-0.244284
42166	9.524044	-0.052733	-2.395012	-0.002754	0.002837	-0.002440	0.242620	0.029741	0.969665	0.156393	-0.987655	-0.008838	0.957432	0.153793	-0.244276
42167	9.542500	-0.101685	-2.409891	-0.003541	0.002906	0.000518	0.242615	0.029715	0.969667	0.156353	-0.987662	-0.008854	0.957440	0.153759	-0.244267
42168	9.506359	-0.080568	-2.403261	0.000979	0.003040	-0.004632	0.242600	0.029739	0.969670	0.156369	-0.987659	-0.008831	0.957441	0.153769	-0.244256
42169	9.563582	-0.096938	-2.397590	-0.001180	0.001401	-0.001960	0.242605	0.029740	0.969669	0.156358	-0.987661	-0.008829	0.957442	0.153758	-0.244262
42170	9.506488	-0.080026	-2.402768	-0.001383	0.004545	-0.002154	0.242581	0.029738	0.969675	0.156346	-0.987663	-0.008823	0.957450	0.153745	-0.244238
42171	9.560600	-0.072421	-2.400034	-0.002652	0.001265	-0.002343	0.242587	0.029742	0.969674	0.156322	-0.987667	-0.008814	0.957452	0.153720	-0.244245
42172	9.509745	-0.103641	-2.399270	0.003135	0.003382	-0.000907	0.242576	0.029729	0.969677	0.156351	-0.987662	-0.008832	0.957450	0.153752	-0.244231
42173	9.527625	-0.075262	-2.390242	-0.002652	0.001265	-0.002343	0.242582	0.029734	0.969675	0.156327	-0.987666	-0.008823	0.957453	0.153726	-0.244238
42174	9.548792	-0.053095	-2.435488	0.004126	0.000169	-0.003670	0.242596	0.029753	0.969671	0.156372	-0.987659	-0.008817	0.957442	0.153768	-0.244255
42175	9.506732	-0.079055	-2.401836	-0.003542	0.002906	0.000517	0.242591	0.029726	0.969673	0.156332	-0.987665	-0.008833	0.957450	0.153734	-0.244246
42176	9.530865	-0.098721	-2.386815	0.000686	0.001503	-0.003055	0.242594	0.029737	0.969672	0.156343	-0.987663	-0.008825	0.957447	0.153743	-0.244250
42177	9.536783	-0.051392	-2.413834	0.001080	0.001469	-0.004534	0.242594	0.029763	0.969671	0.156360	-0.987661	-0.008804	0.957444	0.153754	-0.244255
42178	9.530945	-0.098142	-2.386521	0.001765	0.001674	-0.001193	0.242599	0.029756	0.969670	0.156377	-0.987658	-0.008815	0.957440	0.153772	-0.244258
42179	9.519043	-0.079242	-2.422344	-0.001180	0.001401	-0.001960	0.242605	0.029756	0.969669	0.156366	-0.987660	-0.008813	0.957441	0.153761	-0.244264
42180	9.531037	-0.097777	-2.386167	-0.001281	0.002973	-0.002057	0.242595	0.029756	0.969671	0.156355	-0.987662	-0.008809	0.957445	0.153750	-0.244255
42181	9.531113	-0.097688	-2.385869	0.001269	0.003281	0.000188	0.242586	0.029732	0.969674	0.156362	-0.987660	-0.008834	0.957446	0.153764	-0.244242
42182	9.524940	-0.049405	-2.391519	-0.003933	0.004238	-0.004400	0.242559	0.029752	0.969680	0.156329	-0.987666	-0.008801	0.957458	0.153724	-0.244218
42183	9.543383	-0.098302	-2.406533	0.001574	-0.001436	0.000481	0.242595	0.029732	0.969672	0.156339	-0.987664	-0.008829	0.957447	0.153739	-0.244251
42184	9.528128	-0.073114	-2.388304	0.000585	0.003075	-0.003153	0.242583	0.029742	0.969675	0.156350	-0.987662	-0.008820	0.957449	0.153749	-0.244241
42185	9.507238	-0.077108	-2.399898	0.000292	0.001538	-0.001576	0.242588	0.029738	0.969673	0.156353	-0.987662	-0.008825	0.957447	0.153752	-0.244245
42186	9.528240	-0.072714	-2.387869	-0.001281	0.002973	-0.002057	0.242578	0.029737	0.969676	0.156340	-0.987664	-0.008822	0.957452	0.153739	-0.244235
42187	9.543591	-0.097572	-2.405736	-0.001281	0.002973	-0.002057	0.242568	0.029736	0.969678	0.156329	-0.987666	-0.008818	0.957456	0.153728	-0.244225
42188	9.498619	-0.081746	-2.432163	-0.001180	0.001401	-0.001960	0.242574	0.029736	0.969677	0.156320	-0.987667	-0.008817	0.957456	0.153718	-0.244231
42189	9.564610	-0.093069	-2.393640	0.001472	0.000137	0.000383	0.242595	0.029716	0.969672	0.156328	-0.987666	-0.008844	0.957449	0.153733	-0.244248
42190	9.498679	-0.081503	-2.431938	0.000979	0.003041	-0.004632	0.242579	0.029739	0.969676	0.156342	-0.987664	-0.008820	0.957451	0.153740	-0.244236
42191	9.543741	-0.096759	-2.405173	-0.002550	-0.000308	-0.002246	0.242600	0.029745	0.969670	0.156318	-0.987667	-0.008812	0.957450	0.153715	-0.244258
42192	9.510897	-0.082000	-2.452828	0.000191	0.003110	-0.001674	0.242589	0.029740	0.969673	0.156319	-0.987667	-0.008815	0.957452	0.153717	-0.244246
42193	9.540716	-0.072298	-2.407748	0.000585	0.003076	-0.003153	0.242577	0.029750	0.969676	0.156328	-0.987666	-0.008806	0.957454	0.153724	-0.244235
42194	9.543929	-0.096066	-2.404456	-0.001282	0.002973	-0.002057	0.242567	0.029749	0.969678	0.156318	-0.987668	-0.008802	0.957458	0.153713	-0.244226
42195	9.519922	-0.076063	-2.418988	0.000191	0.003110	-0.001674	0.242557	0.029744	0.969681	0.156320	-0.987667	-0.008806	0.957460	0.153716	-0.244215
42196	9.540900	-0.071766	-2.407034	-0.003339	-0.000239	0.000712	0.242583	0.029720	0.969675	0.156284	-0.987673	-0.008826	0.957460	0.153686	-0.244237
42197	9.540917	-0.071557	-2.406976	0.001081	0.001469	-0.004534	0.242583	0.029746	0.969674	0.156301	-0.987670	-0.008804	0.957457	0.153697	-0.244242
42198	9.511021	-0.098589	-2.394421	-0.000598	0.003179	0.001284	0.242705	0.029888	0.969640	0.156483	-0.987642	-0.008725	0.957396	0.153850	-0.244383
42199	9.535379	-0.100655	-2.436491	0.002159	0.001640	-0.002672	0.242707	0.029896	0.969639	0.156506	-0.987638	-0.008724	0.957392	0.153872	-0.244386
42200	9.520132	-0.075372	-2.418186	0.002159	0.001640	-0.002672	0.242711	0.029904	0.969638	0.156530	-0.987635	-0.008722	0.957387	0.153894	-0.244390
42201	9.535463	-0.100214	-2.436181	0.000687	0.001504	-0.003055	0.242714	0.029915	0.969637	0.156540	-0.987633	-0.008714	0.957385	0.153902	-0.244395
42202	9.499287	-0.079034	-2.429645	-0.000887	0.002939	-0.003536	0.242702	0.029929	0.969639	0.156534	-0.987634	-0.008696	0.957389	0.153892	-0.244385
42203	9.523445	-0.098585	-2.414532	0.000190	0.003110	-0.001674	0.242691	0.029924	0.969642	0.156536	-0.987634	-0.008700	0.957391	0.153895	-0.244374
42204	9.532271	-0.093134	-2.381422	-0.001078	-0.000171	-0.001863	0.242712	0.029926	0.969637	0.156525	-0.987636	-0.008698	0.957388	0.153883	-0.244395
42205	9.520358	-0.074209	-2.417332	0.000292	0.001538	-0.001576	0.242717	0.029923	0.969636	0.156528	-0.987635	-0.008703	0.957386	0.153887	-0.244399
42206	9.532345	-0.092943	-2.381133	-0.000598	0.003179	0.001284	0.242711	0.029889	0.969638	0.156515	-0.987637	-0.008733	0.957389	0.153882	-0.244389
42207	9.511443	-0.097017	-2.392809	0.001183	-0.000103	-0.004436	0.242727	0.029917	0.969633	0.156533	-0.987634	-0.008713	0.957382	0.153894	-0.244409
42208	9.520474	-0.073881	-2.416883	0.001370	0.001709	0.000286	0.242731	0.029893	0.969633	0.156538	-0.987633	-0.008738	0.957380	0.153905	-0.244409
42209	9.529319	-0.068627	-2.383681	-0.000204	0.003144	-0.000195	0.242723	0.029874	0.969636	0.156532	-0.987634	-0.008755	0.957384	0.153905	-0.244398
42210	9.535905	-0.098853	-2.434504	-0.001282	0.002973	-0.002058	0.242713	0.029873	0.969638	0.156521	-0.987636	-0.008752	0.957388	0.153893	-0.244388
42211	9.520663	-0.073590	-2.416147	0.000292	0.001538	-0.001576	0.242718	0.029869	0.969637	0.156524	-0.987635	-0.008757	0.957386	0.153896	-0.244392
42212	9.544781	-0.093179	-2.401185	-0.002652	0.001264	-0.002344	0.242724	0.029873	0.969635	0.156502	-0.987639	-0.008748	0.957388	0.153873	-0.244399
42213	9.529554	-0.067744	-2.382763	0.000877	0.004614	-0.004729	0.242694	0.029896	0.969642	0.156518	-0.987637	-0.008724	0.957393	0.153883	-0.244373
42214	9.532779	-0.091654	-2.379442	0.004314	0.001983	0.001054	0.242699	0.029866	0.969642	0.156553	-0.987631	-0.008765	0.957386	0.153927	-0.244372
42215	9.524040	-0.096857	-2.412253	-0.000785	0.001367	-0.003439	0.242702	0.029881	0.969640	0.156550	-0.987631	-0.008749	0.957386	0.153920	-0.244378
42216	9.524096	-0.096606	-2.412040	0.000190	0.003110	-0.001674	0.242692	0.029876	0.969643	0.156553	-0.987631	-0.008753	0.957388	0.153925	-0.244368
42217	9.503216	-0.100643	-2.423653	-0.001180	0.001401	-0.001960	0.242698	0.029877	0.969642	0.156542	-0.987633	-0.008751	0.957388	0.153914	-0.244373
42218	9.524190	-0.096242	-2.411686	0.000292	0.001538	-0.001576	0.242703	0.029873	0.969641	0.156545	-0.987632	-0.008756	0.957387	0.153917	-0.244378
42219	9.533241	-0.073164	-2.435683	0.001765	0.001675	-0.001192	0.242707	0.029866	0.969640	0.156561	-0.987629	-0.008768	0.957383	0.153936	-0.244380
42220	9.545184	-0.091739	-2.399639	-0.002549	-0.000308	-0.002247	0.242727	0.029871	0.969635	0.156535	-0.987634	-0.008760	0.957382	0.153908	-0.244401
42221	9.533062	-0.090442	-2.378356	0.002057	0.003213	-0.002769	0.242714	0.029877	0.969638	0.156558	-0.987630	-0.008757	0.957382	0.153930	-0.244389
42222	9.512218	-0.094433	-2.389828	-0.004723	0.004305	-0.001445	0.242691	0.029867	0.969644	0.156511	-0.987637	-0.008752	0.957395	0.153884	-0.244366
42223	9.545348	-0.091045	-2.399011	0.002364	-0.001503	-0.002476	0.242724	0.029877	0.969635	0.156535	-0.987634	-0.008753	0.957383	0.153907	-0.244399
42224	9.536593	-0.096183	-2.431913	-0.001676	0.003007	-0.000579	0.242717	0.029861	0.969637	0.156519	-0.987636	-0.008764	0.957387	0.153894	-0.244390
42225	9.524508	-0.094941	-2.410479	0.000585	0.003076	-0.003153	0.242705	0.029871	0.969640	0.156528	-0.987635	-0.008754	0.957389	0.153901	-0.244379
42226	9.521415	-0.070667	-2.413271	-0.001179	0.001401	-0.001960	0.242711	0.029872	0.969639	0.156519	-0.987636	-0.008752	0.957389	0.153891	-0.244385
42227	9.524604	-0.094481	-2.410121	0.002159	0.001641	-0.002671	0.242713	0.029879	0.969638	0.156542	-0.987632	-0.008751	0.957384	0.153913	-0.244388
42228	9.530242	-0.065076	-2.380085	-0.003339	-0.000240	0.000711	0.242738	0.029855	0.969632	0.156508	-0.987638	-0.008771	0.957384	0.153884	-0.244410
42229	9.542440	-0.066012	-2.401087	0.002057	0.003214	-0.002769	0.242725	0.029861	0.969635	0.156530	-0.987634	-0.008769	0.957383	0.153906	-0.244398
42230	9.527903	-0.117919	-2.406555	-0.003933	0.004237	-0.004402	0.242700	0.029882	0.969641	0.156499	-0.987640	-0.008735	0.957395	0.153867	-0.244377
42231	9.512679	-0.092514	-2.388070	0.000190	0.003110	-0.001674	0.242690	0.029877	0.969644	0.156500	-0.987639	-0.008739	0.957397	0.153870	-0.244366
42232	9.537025	-0.094436	-2.430289	-0.000975	-0.001743	-0.001765	0.242726	0.029881	0.969634	0.156492	-0.987641	-0.008739	0.957389	0.153861	-0.244403
42233	9.533645	-0.087905	-2.376114	-0.001282	0.002973	-0.002058	0.242717	0.029880	0.969637	0.156481	-0.987642	-0.008735	0.957394	0.153850	-0.244393
42234	9.524932	-0.092958	-2.408882	-0.001179	0.001401	-0.001960	0.242723	0.029881	0.969635	0.156472	-0.987644	-0.008733	0.957393	0.153841	-0.244400
42235	9.533735	-0.087505	-2.375767	0.000293	0.001538	-0.001576	0.242728	0.029877	0.969634	0.156475	-0.987643	-0.008738	0.957392	0.153845	-0.244404
42236	9.537173	-0.093617	-2.429739	0.000687	0.001504	-0.003055	0.242732	0.029889	0.969633	0.156485	-0.987642	-0.008729	0.957389	0.153852	-0.244409
42237	9.525008	-0.092505	-2.408599	-0.000292	-0.001538	0.001576	0.242771	0.029859	0.969624	0.156474	-0.987643	-0.008763	0.957381	0.153849	-0.244443
42238	9.521887	-0.068297	-2.411476	-0.003933	0.004237	-0.004403	0.242747	0.029881	0.969629	0.156446	-0.987648	-0.008730	0.957392	0.153814	-0.244423
42239	9.533842	-0.086698	-2.375366	0.002364	-0.001503	-0.002476	0.242779	0.029891	0.969621	0.156471	-0.987644	-0.008732	0.957379	0.153837	-0.244457
42240	9.513160	-0.072999	-2.444322	0.000687	0.001504	-0.003055	0.242782	0.029902	0.969620	0.156481	-0.987642	-0.008724	0.957377	0.153845	-0.244461
42241	9.546049	-0.087307	-2.396360	0.000292	0.001538	-0.001576	0.242787	0.029898	0.969619	0.156484	-0.987642	-0.008729	0.957375	0.153849	-0.244465
42242	9.512991	-0.090284	-2.386910	0.000687	0.001504	-0.003055	0.242790	0.029909	0.969618	0.156495	-0.987640	-0.008721	0.957372	0.153858	-0.244470
42243	9.516452	-0.096354	-2.440815	-0.001282	0.002973	-0.002058	0.242781	0.029909	0.969620	0.156484	-0.987642	-0.008717	0.957377	0.153846	-0.244461
42244	9.513100	-0.089712	-2.386499	-0.002256	0.001230	-0.003823	0.242784	0.029927	0.969619	0.156467	-0.987645	-0.008695	0.957379	0.153824	-0.244467
42245	9.546214	-0.086350	-2.395737	0.001472	0.000137	0.000384	0.242805	0.029906	0.969614	0.156476	-0.987643	-0.008721	0.957372	0.153839	-0.244485
42246	9.534311	-0.067394	-2.431660	-0.003728	0.001092	-0.004208	0.242812	0.029930	0.969612	0.156450	-0.987648	-0.008692	0.957374	0.153806	-0.244495
42247	9.525355	-0.090050	-2.407318	0.000190	0.003111	-0.001674	0.242801	0.029925	0.969614	0.156452	-0.987647	-0.008695	0.957377	0.153810	-0.244484
42248	9.546323	-0.085709	-2.395326	0.001867	0.000104	-0.001094	0.242822	0.029920	0.969609	0.156471	-0.987644	-0.008709	0.957368	0.153831	-0.244504
42249	9.525416	-0.089907	-2.407083	-0.000103	0.001572	-0.000098	0.242829	0.029902	0.969608	0.156467	-0.987645	-0.008727	0.957367	0.153831	-0.244508
42250	9.525475	-0.089860	-2.406853	0.001662	0.003248	-0.001289	0.242819	0.029894	0.969611	0.156481	-0.987642	-0.008737	0.957368	0.153847	-0.244496
42251	9.525551	-0.089705	-2.406557	-0.001282	0.002973	-0.002058	0.242809	0.029893	0.969613	0.156469	-0.987644	-0.008734	0.957372	0.153835	-0.244486
42252	9.543410	-0.061252	-2.397356	0.000087	0.004683	-0.001771	0.242784	0.029887	0.969620	0.156470	-0.987644	-0.008736	0.957378	0.153838	-0.244460
42253	9.504760	-0.093673	-2.417872	0.003441	-0.001331	-0.000612	0.242817	0.029878	0.969612	0.156501	-0.987639	-0.008758	0.957365	0.153872	-0.244492
42254	9.522596	-0.065088	-2.408762	-0.007082	0.007107	-0.005367	0.242762	0.029903	0.969625	0.156442	-0.987649	-0.008709	0.957388	0.153804	-0.244442
42255	9.525867	-0.088798	-2.405341	0.001369	0.001710	0.000287	0.242769	0.029881	0.969624	0.156450	-0.987647	-0.008734	0.957385	0.153818	-0.244445
42256	9.510570	-0.063564	-2.387055	0.001083	0.001471	-0.004534	0.242769	0.029907	0.969623	0.156467	-0.987645	-0.008713	0.957383	0.153829	-0.244449
42257	9.559063	-0.085148	-2.414263	0.000190	0.003111	-0.001674	0.242759	0.029902	0.969626	0.156468	-0.987644	-0.008716	0.957385	0.153832	-0.244438
42258	9.505098	-0.092433	-2.416591	0.000293	0.001539	-0.001576	0.242763	0.029898	0.969625	0.156470	-0.987644	-0.008721	0.957384	0.153835	-0.244441
42259	9.534789	-0.082745	-2.371703	-0.001077	-0.000171	-0.001863	0.242784	0.029900	0.969620	0.156460	-0.987646	-0.008720	0.957380	0.153824	-0.244462
42260	9.535045	-0.064867	-2.428846	-0.002944	-0.000275	-0.000769	0.242807	0.029892	0.969614	0.156430	-0.987651	-0.008725	0.957379	0.153795	-0.244485
42261	9.547014	-0.083324	-2.392656	0.000877	0.004616	-0.004729	0.242778	0.029915	0.969621	0.156446	-0.987648	-0.008701	0.957384	0.153805	-0.244459
42262	9.493049	-0.090483	-2.394990	0.000395	-0.000034	-0.001479	0.242798	0.029913	0.969616	0.156450	-0.987648	-0.008707	0.957378	0.153810	-0.244479
42263	9.538080	-0.105786	-2.368233	-0.000784	0.001367	-0.003439	0.242802	0.029928	0.969614	0.156447	-0.987648	-0.008692	0.957378	0.153803	-0.244485
42264	9.538399	-0.087764	-2.425142	0.000585	0.003077	-0.003152	0.242789	0.029937	0.969617	0.156456	-0.987647	-0.008683	0.957379	0.153811	-0.244473
42265	9.544053	-0.058245	-2.394869	0.000190	0.003111	-0.001674	0.242778	0.029932	0.969620	0.156458	-0.987646	-0.008686	0.957382	0.153814	-0.244462
42266	9.505453	-0.090658	-2.415260	-0.000206	0.003145	-0.000195	0.242770	0.029912	0.969623	0.156454	-0.987647	-0.008704	0.957384	0.153815	-0.244451
42267	9.502341	-0.066453	-2.418050	-0.000784	0.001367	-0.003439	0.242774	0.029927	0.969621	0.156451	-0.987648	-0.008689	0.957384	0.153808	-0.244457
42268	9.562719	-0.106779	-2.409412	0.002262	0.000070	-0.002573	0.242790	0.029936	0.969617	0.156472	-0.987644	-0.008688	0.957376	0.153827	-0.244474
42269	9.502381	-0.066150	-2.417901	-0.000498	0.001606	0.001381	0.242799	0.029903	0.969616	0.156460	-0.987646	-0.008720	0.957376	0.153823	-0.244478
42270	9.538707	-0.086815	-2.423961	0.000980	0.003044	-0.004631	0.242786	0.029928	0.969618	0.156480	-0.987643	-0.008697	0.957376	0.153837	-0.244469
42271	9.532193	-0.056217	-2.372487	-0.001780	0.004579	-0.000677	0.242763	0.029911	0.969624	0.156460	-0.987646	-0.008706	0.957385	0.153821	-0.244444
42272	9.542047	-0.110447	-2.420302	0.000293	0.001539	-0.001576	0.242766	0.029906	0.969624	0.156460	-0.987646	-0.008711	0.957384	0.153822	-0.244446
42273	9.505813	-0.089419	-2.413891	-0.002651	0.001263	-0.002346	0.242772	0.029911	0.969622	0.156437	-0.987650	-0.008701	0.957387	0.153797	-0.244453
42274	9.526783	-0.084949	-2.401847	-0.003149	0.002869	-0.000964	0.242765	0.029899	0.969624	0.156405	-0.987655	-0.008704	0.957394	0.153767	-0.244444
42275	9.539019	-0.085827	-2.422770	0.000293	0.001539	-0.001576	0.242770	0.029895	0.969623	0.156408	-0.987654	-0.008709	0.957392	0.153771	-0.244448
42276	9.535593	-0.079444	-2.368581	0.000000	0.000000	0.000000	0.242769	0.029895	0.969623	0.156407	-0.987654	-0.008709	0.957392	0.153770	-0.244448
42277	9.521350	-0.113805	-2.431324	0.000878	0.004617	-0.004728	0.242740	0.029918	0.969630	0.156422	-0.987652	-0.008685	0.957397	0.153780	-0.244422
42278	9.502919	-0.064440	-2.415832	0.000190	0.003111	-0.001674	0.242728	0.029913	0.969633	0.156422	-0.987652	-0.008688	0.957400	0.153781	-0.244410
42279	9.527027	-0.083976	-2.400912	-0.000578	-0.001777	-0.003245	0.242762	0.029931	0.969624	0.156420	-0.987653	-0.008675	0.957392	0.153775	-0.244447
42280	9.511688	-0.058619	-2.382723	0.000585	0.003078	-0.003152	0.242749	0.029941	0.969627	0.156425	-0.987652	-0.008664	0.957394	0.153777	-0.244435
42281	9.527120	-0.083415	-2.400562	-0.001282	0.002973	-0.002059	0.242739	0.029940	0.969629	0.156414	-0.987654	-0.008660	0.957399	0.153766	-0.244425
42282	9.527176	-0.083230	-2.400348	0.000293	0.001539	-0.001576	0.242744	0.029937	0.969628	0.156418	-0.987653	-0.008666	0.957397	0.153771	-0.244430
42283	9.524038	-0.059097	-2.403211	-0.001575	0.001435	-0.000482	0.242752	0.029923	0.969627	0.156400	-0.987656	-0.008677	0.957398	0.153756	-0.244435
42284	9.539414	-0.083938	-2.421280	-0.000680	-0.000205	-0.003342	0.242772	0.029939	0.969621	0.156400	-0.987656	-0.008663	0.957393	0.153752	-0.244457
42285	9.527264	-0.082692	-2.400017	-0.001678	0.003007	-0.000580	0.242764	0.029924	0.969624	0.156382	-0.987659	-0.008673	0.957398	0.153737	-0.244448
42286	9.506424	-0.086683	-2.411584	0.000981	0.003044	-0.004631	0.242751	0.029948	0.969626	0.156403	-0.987655	-0.008651	0.957398	0.153752	-0.244438
42287	9.527395	-0.082053	-2.399518	-0.000783	0.001368	-0.003440	0.242755	0.029963	0.969625	0.156400	-0.987656	-0.008635	0.957397	0.153745	-0.244444
42288	9.527432	-0.081743	-2.399382	0.000688	0.001506	-0.003055	0.242758	0.029975	0.969624	0.156413	-0.987654	-0.008628	0.957394	0.153756	-0.244450
42289	9.530649	-0.105553	-2.396232	0.000292	0.001539	-0.001576	0.242763	0.029971	0.969622	0.156415	-0.987654	-0.008633	0.957392	0.153759	-0.244454
42290	9.506615	-0.085737	-2.410862	0.001265	0.003283	0.000190	0.242754	0.029948	0.969625	0.156422	-0.987652	-0.008657	0.957394	0.153773	-0.244441
42291	9.530768	-0.105494	-2.395764	0.001764	0.001677	-0.001191	0.242758	0.029941	0.969625	0.156438	-0.987650	-0.008669	0.957390	0.153791	-0.244444
42292	9.524449	-0.057247	-2.401627	-0.000783	0.001368	-0.003440	0.242764	0.029957	0.969623	0.156439	-0.987650	-0.008654	0.957389	0.153788	-0.244452
42293	9.551757	-0.100789	-2.383622	0.000293	0.001539	-0.001576	0.242768	0.029953	0.969622	0.156441	-0.987649	-0.008659	0.957387	0.153791	-0.244456
42294	9.518998	-0.086154	-2.431249	0.000189	0.003111	-0.001674	0.242758	0.029948	0.969624	0.156445	-0.987649	-0.008663	0.957389	0.153796	-0.244445
42295	9.543186	-0.105658	-2.416023	-0.000990	0.004513	-0.003635	0.242731	0.029961	0.969631	0.156440	-0.987650	-0.008645	0.957396	0.153788	-0.244421
42296	9.527872	-0.080461	-2.397678	0.001472	0.000138	0.000385	0.242754	0.029941	0.969626	0.156452	-0.987647	-0.008672	0.957389	0.153805	-0.244440
42297	9.515719	-0.079355	-2.376403	-0.001282	0.002973	-0.002059	0.242745	0.029940	0.969628	0.156441	-0.987649	-0.008668	0.957393	0.153794	-0.244431
42298	9.540137	-0.081196	-2.418524	-0.001076	-0.000171	-0.001864	0.242765	0.029941	0.969623	0.156432	-0.987651	-0.008668	0.957389	0.153785	-0.244451
42299	9.527943	-0.079965	-2.397415	-0.001076	-0.000171	-0.001864	0.242786	0.029943	0.969618	0.156422	-0.987652	-0.008667	0.957386	0.153774	-0.244472
42300	9.503884	-0.059985	-2.412147	-0.001282	0.002973	-0.002059	0.242777	0.029943	0.969620	0.156411	-0.987654	-0.008663	0.957390	0.153763	-0.244463
42301	9.540225	-0.080723	-2.418191	-0.000499	0.001606	0.001381	0.242785	0.029910	0.969619	0.156399	-0.987656	-0.008695	0.957389	0.153758	-0.244466
42302	9.507197	-0.083825	-2.408635	-0.000990	0.004513	-0.003635	0.242760	0.029923	0.969625	0.156397	-0.987656	-0.008677	0.957396	0.153752	-0.244443
42303	9.540097	-0.097975	-2.360433	-0.002754	0.002835	-0.002444	0.242751	0.029926	0.969627	0.156372	-0.987660	-0.008666	0.957403	0.153726	-0.244435
42304	9.519519	-0.084338	-2.429274	0.001867	0.000105	-0.001093	0.242770	0.029919	0.969622	0.156391	-0.987657	-0.008681	0.957395	0.153747	-0.244453
42305	9.549144	-0.074605	-2.384427	-0.000680	-0.000205	-0.003342	0.242789	0.029936	0.969617	0.156388	-0.987658	-0.008666	0.957390	0.153741	-0.244474
42306	9.519517	-0.083872	-2.429297	-0.001076	-0.000171	-0.001864	0.242809	0.029937	0.969612	0.156379	-0.987659	-0.008666	0.957387	0.153731	-0.244494
42307	9.540463	-0.079502	-2.417293	-0.000207	0.003145	-0.000195	0.242801	0.029918	0.969615	0.156373	-0.987660	-0.008683	0.957390	0.153730	-0.244483
42308	9.540540	-0.079347	-2.416996	0.000585	0.003078	-0.003152	0.242787	0.029927	0.969618	0.156382	-0.987659	-0.008674	0.957392	0.153737	-0.244471
42309	9.510697	-0.106276	-2.404445	-0.000886	0.002940	-0.003537	0.242776	0.029940	0.969620	0.156378	-0.987659	-0.008657	0.957395	0.153729	-0.244462
42310	9.540632	-0.078683	-2.416654	-0.000576	-0.001777	-0.003245	0.242810	0.029959	0.969611	0.156375	-0.987660	-0.008643	0.957387	0.153722	-0.244498
42311	9.516275	-0.076290	-2.374275	-0.000990	0.004513	-0.003635	0.242783	0.029971	0.969618	0.156371	-0.987661	-0.008625	0.957395	0.153714	-0.244474
42312	9.519797	-0.082350	-2.428251	0.000500	-0.001606	-0.001381	0.242820	0.029971	0.969608	0.156378	-0.987660	-0.008633	0.957384	0.153722	-0.244510
42313	9.543912	-0.101972	-2.413310	0.000189	0.003112	-0.001674	0.242809	0.029966	0.969611	0.156380	-0.987659	-0.008637	0.957386	0.153725	-0.244499
42314	9.507657	-0.081011	-2.406915	-0.001075	-0.000171	-0.001864	0.242830	0.029968	0.969606	0.156371	-0.987661	-0.008636	0.957383	0.153715	-0.244520
42315	9.552996	-0.078551	-2.437159	0.000585	0.003079	-0.003152	0.242818	0.029978	0.969609	0.156380	-0.987659	-0.008626	0.957384	0.153722	-0.244509
42316	9.516439	-0.075307	-2.373647	-0.001472	-0.000138	-0.000385	0.242840	0.029965	0.969603	0.156360	-0.987662	-0.008637	0.957382	0.153704	-0.244529
42317	9.553051	-0.078131	-2.436955	0.001085	0.001473	-0.004533	0.242841	0.029991	0.969602	0.156377	-0.987660	-0.008615	0.957379	0.153716	-0.244534
42318	9.516514	-0.074788	-2.373365	0.000189	0.003112	-0.001674	0.242831	0.029987	0.969605	0.156379	-0.987660	-0.008618	0.957381	0.153718	-0.244524
42319	9.531925	-0.099659	-2.391407	0.002367	-0.001500	-0.002474	0.242864	0.029997	0.969597	0.156403	-0.987656	-0.008620	0.957369	0.153742	-0.244557
42320	9.528770	-0.075397	-2.394273	-0.002858	0.004408	-0.002542	0.242837	0.029997	0.969603	0.156376	-0.987660	-0.008608	0.957380	0.153713	-0.244532
42321	9.541079	-0.076142	-2.414970	-0.001386	0.004546	-0.002156	0.242813	0.029995	0.969609	0.156364	-0.987662	-0.008604	0.957388	0.153701	-0.244507
42322	9.520268	-0.080208	-2.426475	0.000189	0.003112	-0.001674	0.242802	0.029990	0.969612	0.156366	-0.987662	-0.008608	0.957391	0.153704	-0.244495
42323	9.553123	-0.094458	-2.378403	-0.002650	0.001263	-0.002347	0.242808	0.029994	0.969611	0.156342	-0.987666	-0.008598	0.957393	0.153679	-0.244503
42324	9.511350	-0.102836	-2.402009	-0.000104	0.001573	-0.000098	0.242816	0.029977	0.969609	0.156337	-0.987666	-0.008616	0.957392	0.153678	-0.244508
42325	9.508195	-0.078610	-2.404867	0.001085	0.001473	-0.004533	0.242817	0.030003	0.969608	0.156355	-0.987664	-0.008594	0.957389	0.153690	-0.244512
42326	9.541355	-0.075143	-2.413910	-0.003547	0.002901	0.000513	0.242814	0.029977	0.969610	0.156320	-0.987669	-0.008611	0.957395	0.153660	-0.244506
42327	9.529184	-0.073969	-2.392667	-0.002547	-0.000310	-0.002249	0.242835	0.029983	0.969604	0.156297	-0.987673	-0.008602	0.957393	0.153635	-0.244528
42328	9.532414	-0.097706	-2.389534	0.000585	0.003079	-0.003152	0.242823	0.029993	0.969607	0.156305	-0.987671	-0.008592	0.957395	0.153641	-0.244517
42329	9.532492	-0.097521	-2.389232	0.001660	0.003251	-0.001288	0.242811	0.029984	0.969610	0.156320	-0.987669	-0.008603	0.957396	0.153658	-0.244505
42330	9.508472	-0.077585	-2.403804	0.000585	0.003079	-0.003152	0.242798	0.029993	0.969613	0.156328	-0.987668	-0.008594	0.957398	0.153664	-0.244492
42331	9.541636	-0.074121	-2.412831	0.000293	0.001540	-0.001576	0.242803	0.029990	0.969612	0.156330	-0.987667	-0.008599	0.957396	0.153668	-0.244497
42332	9.532683	-0.096936	-2.388494	-0.001283	0.002974	-0.002059	0.242793	0.029989	0.969615	0.156317	-0.987670	-0.008594	0.957401	0.153653	-0.244487
42333	9.508638	-0.076798	-2.403173	-0.001858	0.001197	-0.005304	0.242795	0.030023	0.969613	0.156308	-0.987671	-0.008558	0.957402	0.153636	-0.244495
42334	9.532771	-0.096231	-2.388173	-0.001575	0.001434	-0.000483	0.242803	0.030009	0.969611	0.156291	-0.987674	-0.008569	0.957403	0.153622	-0.244500
42335	9.508745	-0.076255	-2.402768	-0.000990	0.004513	-0.003635	0.242776	0.030021	0.969618	0.156286	-0.987675	-0.008551	0.957410	0.153614	-0.244475
42336	9.512001	-0.100123	-2.399544	0.001471	0.000139	0.000386	0.242798	0.030001	0.969613	0.156297	-0.987673	-0.008579	0.957403	0.153631	-0.244494
42337	9.524231	-0.101138	-2.420575	0.001764	0.001678	-0.001190	0.242802	0.029993	0.969612	0.156313	-0.987670	-0.008591	0.957399	0.153649	-0.244496
42338	9.557394	-0.097763	-2.429601	-0.003151	0.002868	-0.000966	0.242795	0.029982	0.969614	0.156279	-0.987676	-0.008592	0.957407	0.153616	-0.244488
42339	9.542060	-0.072571	-2.411201	0.000189	0.003112	-0.001673	0.242784	0.029977	0.969617	0.156281	-0.987675	-0.008596	0.957409	0.153619	-0.244477
42340	9.533107	-0.095324	-2.386867	-0.000782	0.001368	-0.003440	0.242790	0.029993	0.969615	0.156281	-0.987675	-0.008581	0.957408	0.153616	-0.244485
42341	9.554362	-0.073087	-2.431966	0.000293	0.001540	-0.001576	0.242794	0.029989	0.969614	0.156284	-0.987675	-0.008586	0.957406	0.153620	-0.244489
