// General information: 
//  MT Manager version: 2019.2.0 
//  XDA version: 2019.2.0 build 3853 rev 94535 built on 2019-09-09
// Device information: 
//  DeviceId: 00B44113
//  ProductCode: MTW2-3A7G6
//  Firmware Version: 4.3.5
//  Hardware Version: 1.1.0
// Device settings: 
//  Filter Profile: human(46.1)
//  Option Flags: Orientation Smoother Disabled, AHS Disabled, ICC Disabled
// Coordinate system: ENU
PacketCounter	Acc_X	Acc_Y	Acc_Z	Gyr_X	Gyr_Y	Gyr_Z	Mat[1][1]	Mat[2][1]	Mat[3][1]	Mat[1][2]	Mat[2][2]	Mat[3][2]	Mat[1][3]	Mat[2][3]	Mat[3][3]
42075	9.668938	-0.386337	-1.701497	0.005097	0.000937	-0.004974	-0.150173	-0.094499	0.984133	-0.707787	0.705277	-0.040282	-0.690280	-0.702606	-0.172799
42076	9.667156	-0.418478	-1.689617	0.006354	-0.000296	-0.002147	-0.150198	-0.094506	0.984129	-0.707782	0.705281	-0.040293	-0.690279	-0.702600	-0.172821
42077	9.646515	-0.362181	-1.690069	0.009084	0.004981	-0.004568	-0.150168	-0.094495	0.984134	-0.707801	0.705262	-0.040284	-0.690266	-0.702621	-0.172791
42078	9.641039	-0.428240	-1.720581	0.004543	0.002042	-0.000430	-0.150188	-0.094473	0.984133	-0.707781	0.705281	-0.040310	-0.690282	-0.702605	-0.172791
42079	9.662275	-0.377155	-1.678721	0.008310	0.001928	-0.006775	-0.150163	-0.094497	0.984135	-0.707796	0.705267	-0.040278	-0.690272	-0.702615	-0.172790
42080	9.651723	-0.402231	-1.699391	0.004469	0.000656	-0.002680	-0.150177	-0.094502	0.984132	-0.707779	0.705284	-0.040280	-0.690286	-0.702598	-0.172804
42081	9.651750	-0.402094	-1.699270	0.007055	0.001369	-0.002189	-0.150187	-0.094499	0.984131	-0.707782	0.705281	-0.040291	-0.690282	-0.702601	-0.172809
42082	9.646746	-0.361138	-1.688970	0.008383	0.003314	-0.004524	-0.150170	-0.094498	0.984134	-0.707795	0.705269	-0.040282	-0.690272	-0.702614	-0.172796
42083	9.658710	-0.410091	-1.720638	0.007055	0.001368	-0.002188	-0.150182	-0.094495	0.984132	-0.707795	0.705267	-0.040293	-0.690269	-0.702616	-0.172802
42084	9.676192	-0.392846	-1.721530	0.007682	0.001647	-0.004481	-0.150177	-0.094506	0.984132	-0.707804	0.705260	-0.040284	-0.690262	-0.702622	-0.172805
42085	9.636280	-0.386090	-1.709198	0.006427	0.001089	0.000105	-0.150207	-0.094487	0.984129	-0.707797	0.705265	-0.040317	-0.690262	-0.702619	-0.172814
42086	9.646911	-0.360567	-1.688148	0.008383	0.003312	-0.004524	-0.150190	-0.094486	0.984132	-0.707810	0.705252	-0.040309	-0.690252	-0.702632	-0.172800
42087	9.652020	-0.401031	-1.697989	0.006981	-0.000019	-0.004437	-0.150196	-0.094508	0.984129	-0.707813	0.705249	-0.040299	-0.690247	-0.702632	-0.172820
42088	9.652062	-0.400715	-1.697825	0.004541	0.002936	-0.004136	-0.150184	-0.094507	0.984131	-0.707799	0.705264	-0.040287	-0.690265	-0.702617	-0.172812
42089	9.629612	-0.376719	-1.686471	0.006426	0.001983	-0.003601	-0.150182	-0.094508	0.984131	-0.707797	0.705267	-0.040284	-0.690267	-0.702614	-0.172811
42090	9.652167	-0.400196	-1.697348	0.006425	0.001983	-0.003601	-0.150180	-0.094510	0.984131	-0.707795	0.705269	-0.040281	-0.690270	-0.702612	-0.172811
42091	9.652206	-0.400000	-1.697173	0.008310	0.001030	-0.003066	-0.150189	-0.094515	0.984129	-0.707804	0.705259	-0.040286	-0.690259	-0.702621	-0.172820
42092	9.669704	-0.382680	-1.697963	0.006497	0.004264	-0.005058	-0.150161	-0.094511	0.984134	-0.707805	0.705259	-0.040269	-0.690264	-0.702621	-0.172797
42093	9.652338	-0.399457	-1.696547	0.005169	0.002320	-0.002722	-0.150163	-0.094504	0.984134	-0.707793	0.705271	-0.040272	-0.690275	-0.702611	-0.172794
42094	9.659241	-0.407719	-1.718219	0.007054	0.001367	-0.002187	-0.150175	-0.094500	0.984133	-0.707794	0.705270	-0.040284	-0.690272	-0.702613	-0.172800
42095	9.667897	-0.383691	-1.751924	0.008238	-0.001251	-0.001608	-0.150208	-0.094511	0.984127	-0.707802	0.705261	-0.040302	-0.690257	-0.702620	-0.172831
42096	9.643772	-0.423121	-1.662419	0.007125	0.003647	-0.003644	-0.150195	-0.094501	0.984130	-0.707805	0.705258	-0.040300	-0.690257	-0.702624	-0.172814
42097	9.669900	-0.381821	-1.697039	0.006981	-0.000021	-0.004435	-0.150201	-0.094523	0.984127	-0.707809	0.705254	-0.040290	-0.690251	-0.702625	-0.172834
42098	9.612548	-0.391943	-1.683681	0.006425	0.001981	-0.003600	-0.150200	-0.094525	0.984127	-0.707807	0.705256	-0.040288	-0.690253	-0.702623	-0.172834
42099	9.685624	-0.396694	-1.685935	0.007053	0.001366	-0.002186	-0.150212	-0.094521	0.984125	-0.707808	0.705254	-0.040300	-0.690249	-0.702625	-0.172840
42100	9.643804	-0.391337	-1.728061	0.008381	0.003309	-0.004522	-0.150195	-0.094520	0.984128	-0.707821	0.705242	-0.040291	-0.690240	-0.702638	-0.172827
42101	9.652630	-0.398048	-1.695219	0.006353	-0.000300	-0.002142	-0.150220	-0.094527	0.984123	-0.707815	0.705247	-0.040303	-0.690240	-0.702632	-0.172849
42102	9.643861	-0.391050	-1.727809	0.007053	0.001366	-0.002186	-0.150232	-0.094523	0.984122	-0.707815	0.705246	-0.040315	-0.690237	-0.702633	-0.172855
42103	9.645831	-0.389370	-1.673028	0.003284	0.003270	-0.003258	-0.150222	-0.094514	0.984124	-0.707793	0.705269	-0.040308	-0.690263	-0.702611	-0.172844
42104	9.652776	-0.397610	-1.694488	0.008453	0.004696	-0.002272	-0.150211	-0.094487	0.984128	-0.707803	0.705258	-0.040322	-0.690255	-0.702626	-0.172816
42105	9.652843	-0.397421	-1.694150	0.007681	0.001642	-0.004477	-0.150206	-0.094497	0.984128	-0.707809	0.705252	-0.040313	-0.690249	-0.702631	-0.172819
42106	9.668536	-0.412529	-1.683170	0.007053	0.001365	-0.002185	-0.150219	-0.094493	0.984127	-0.707810	0.705251	-0.040326	-0.690246	-0.702632	-0.172825
42107	9.654698	-0.364695	-1.705683	0.006424	0.001979	-0.003599	-0.150218	-0.094495	0.984127	-0.707809	0.705252	-0.040323	-0.690247	-0.702631	-0.172826
42108	9.628690	-0.405366	-1.670522	0.007752	0.003921	-0.005935	-0.150186	-0.094499	0.984131	-0.707819	0.705243	-0.040299	-0.690243	-0.702640	-0.172806
42109	9.637367	-0.381295	-1.704139	0.007610	-0.001529	0.000688	-0.150240	-0.094494	0.984123	-0.707819	0.705241	-0.040342	-0.690232	-0.702642	-0.172841
42110	9.661838	-0.403237	-1.660520	0.004538	0.003822	-0.007842	-0.150196	-0.094513	0.984128	-0.707810	0.705253	-0.040294	-0.690251	-0.702628	-0.172823
42111	9.675619	-0.419676	-1.704135	0.005653	-0.001966	-0.002097	-0.150231	-0.094533	0.984121	-0.707802	0.705260	-0.040304	-0.690251	-0.702618	-0.172862
42112	9.623692	-0.363726	-1.660178	0.007052	0.001364	-0.002184	-0.150243	-0.094529	0.984120	-0.707802	0.705259	-0.040316	-0.690248	-0.702619	-0.172868
42113	9.668804	-0.410996	-1.682004	0.007123	0.003644	-0.003642	-0.150232	-0.094519	0.984122	-0.707806	0.705256	-0.040315	-0.690247	-0.702624	-0.172853
42114	9.648117	-0.354656	-1.682502	0.008380	0.003305	-0.004520	-0.150215	-0.094518	0.984125	-0.707819	0.705243	-0.040306	-0.690238	-0.702637	-0.172839
42115	9.651516	-0.427561	-1.680242	0.005168	0.002316	-0.002721	-0.150218	-0.094510	0.984125	-0.707805	0.705257	-0.040311	-0.690251	-0.702624	-0.172837
42116	9.637670	-0.379808	-1.702758	0.005796	0.001702	-0.001306	-0.150234	-0.094498	0.984124	-0.707795	0.705266	-0.040329	-0.690258	-0.702617	-0.172840
42117	9.660267	-0.403323	-1.713485	0.006495	0.004257	-0.005056	-0.150206	-0.094493	0.984129	-0.707795	0.705267	-0.040312	-0.690264	-0.702616	-0.172817
42118	9.653480	-0.394670	-1.691165	0.008451	0.004694	-0.002271	-0.150195	-0.094467	0.984133	-0.707805	0.705256	-0.040326	-0.690256	-0.702631	-0.172790
42119	9.655321	-0.362084	-1.702706	0.005795	0.002591	-0.005012	-0.150181	-0.094474	0.984134	-0.707801	0.705260	-0.040309	-0.690263	-0.702625	-0.172785
42120	9.660484	-0.402629	-1.712425	0.007052	0.001363	-0.002183	-0.150193	-0.094470	0.984133	-0.707802	0.705260	-0.040321	-0.690260	-0.702627	-0.172791
42121	9.613690	-0.387314	-1.678227	0.005795	0.002590	-0.005012	-0.150176	-0.094476	0.984135	-0.707796	0.705266	-0.040302	-0.690269	-0.702620	-0.172783
42122	9.662483	-0.400503	-1.657427	0.006423	0.001977	-0.003597	-0.150174	-0.094478	0.984135	-0.707794	0.705268	-0.040300	-0.690272	-0.702617	-0.172784
42123	9.671159	-0.376306	-1.691088	0.006980	-0.000027	-0.004430	-0.150179	-0.094499	0.984132	-0.707797	0.705266	-0.040289	-0.690268	-0.702616	-0.172803
42124	9.618813	-0.396478	-1.754051	0.007122	0.003641	-0.003641	-0.150166	-0.094490	0.984135	-0.707800	0.705263	-0.040286	-0.690268	-0.702620	-0.172786
42125	9.646961	-0.384404	-1.667650	0.007679	0.001637	-0.004474	-0.150160	-0.094500	0.984135	-0.707807	0.705257	-0.040277	-0.690262	-0.702625	-0.172789
42126	9.653884	-0.392642	-1.689329	0.007052	0.001362	-0.002182	-0.150173	-0.094496	0.984133	-0.707807	0.705256	-0.040289	-0.690259	-0.702627	-0.172795
42127	9.671352	-0.375395	-1.690188	0.003282	0.003266	-0.003257	-0.150166	-0.094487	0.984135	-0.707783	0.705281	-0.040284	-0.690285	-0.702603	-0.172785
42128	9.652216	-0.424650	-1.676958	0.010192	0.000072	-0.002521	-0.150185	-0.094494	0.984132	-0.707805	0.705257	-0.040298	-0.690258	-0.702626	-0.172803
42129	9.638342	-0.376871	-1.699603	0.006423	0.001975	-0.003596	-0.150183	-0.094496	0.984132	-0.707803	0.705259	-0.040296	-0.690260	-0.702624	-0.172803
42130	9.671443	-0.374873	-1.689780	0.007608	-0.000642	-0.003014	-0.150204	-0.094512	0.984127	-0.707809	0.705254	-0.040301	-0.690250	-0.702627	-0.172828
42131	9.636627	-0.408892	-1.687503	0.007051	0.001362	-0.002181	-0.150217	-0.094509	0.984125	-0.707811	0.705250	-0.040313	-0.690245	-0.702631	-0.172835
42132	9.645302	-0.384931	-1.721126	0.005795	0.001700	-0.001304	-0.150234	-0.094497	0.984124	-0.707802	0.705259	-0.040332	-0.690251	-0.702624	-0.172839
42133	9.676689	-0.415272	-1.699131	0.006493	0.004252	-0.005055	-0.150206	-0.094493	0.984129	-0.707803	0.705259	-0.040314	-0.690256	-0.702625	-0.172817
42134	9.661090	-0.399767	-1.709675	0.007051	0.001361	-0.002181	-0.150219	-0.094489	0.984127	-0.707803	0.705258	-0.040326	-0.690253	-0.702626	-0.172823
42135	9.631671	-0.367404	-1.676737	0.006980	-0.000030	-0.004428	-0.150225	-0.094509	0.984124	-0.707804	0.705257	-0.040317	-0.690250	-0.702624	-0.172842
42136	9.657531	-0.433303	-1.751944	0.005865	0.003978	-0.002763	-0.150216	-0.094491	0.984127	-0.707797	0.705264	-0.040321	-0.690259	-0.702620	-0.172822
42137	9.654348	-0.390682	-1.687129	0.007121	0.003638	-0.003640	-0.150201	-0.094481	0.984131	-0.707799	0.705262	-0.040318	-0.690261	-0.702622	-0.172804
42138	9.678700	-0.381786	-1.709882	0.006980	-0.000031	-0.004427	-0.150207	-0.094502	0.984128	-0.707802	0.705260	-0.040308	-0.690257	-0.702622	-0.172824
42139	9.638769	-0.374951	-1.697604	0.007749	0.003025	-0.002225	-0.150207	-0.094486	0.984129	-0.707806	0.705255	-0.040321	-0.690253	-0.702629	-0.172812
42140	9.661373	-0.398612	-1.708340	0.005794	0.001700	-0.001304	-0.150224	-0.094473	0.984128	-0.707796	0.705264	-0.040340	-0.690259	-0.702622	-0.172815
42141	9.637131	-0.407033	-1.685073	0.006492	0.004250	-0.005054	-0.150196	-0.094468	0.984133	-0.707795	0.705266	-0.040322	-0.690266	-0.702621	-0.172792
42142	9.661471	-0.398169	-1.707894	0.005653	-0.001969	-0.002090	-0.150232	-0.094487	0.984125	-0.707786	0.705275	-0.040333	-0.690268	-0.702609	-0.172831
42143	9.644085	-0.415048	-1.706686	0.008377	0.003298	-0.004516	-0.150215	-0.094485	0.984128	-0.707798	0.705263	-0.040325	-0.690259	-0.702621	-0.172818
42144	9.687722	-0.387483	-1.675994	0.003211	0.000986	-0.001797	-0.150233	-0.094481	0.984126	-0.707771	0.705289	-0.040334	-0.690283	-0.702595	-0.172829
42145	9.621623	-0.390953	-1.695230	0.007120	0.003637	-0.003639	-0.150220	-0.094473	0.984129	-0.707775	0.705286	-0.040331	-0.690281	-0.702600	-0.172813
42146	9.661658	-0.397387	-1.707017	0.005165	0.002311	-0.002718	-0.150222	-0.094466	0.984129	-0.707763	0.705297	-0.040335	-0.690293	-0.702589	-0.172811
42147	9.639133	-0.373507	-1.695852	0.008306	0.001020	-0.003055	-0.150229	-0.094471	0.984127	-0.707774	0.705287	-0.040340	-0.690281	-0.702599	-0.172818
42148	9.661730	-0.397133	-1.706670	0.005794	0.001699	-0.001303	-0.150246	-0.094458	0.984126	-0.707764	0.705295	-0.040358	-0.690287	-0.702592	-0.172821
42149	9.646098	-0.381671	-1.717384	0.005095	0.000918	-0.004964	-0.150242	-0.094477	0.984125	-0.707755	0.705305	-0.040339	-0.690297	-0.702580	-0.172833
42150	9.646280	-0.412046	-1.650608	0.005864	0.003975	-0.002763	-0.150232	-0.094459	0.984128	-0.707748	0.705312	-0.040344	-0.690306	-0.702576	-0.172814
42151	9.628802	-0.398285	-1.715751	0.009562	0.000680	-0.003930	-0.150236	-0.094473	0.984126	-0.707770	0.705290	-0.040342	-0.690283	-0.702596	-0.172826
42152	9.661913	-0.396256	-1.705834	0.005165	0.002310	-0.002718	-0.150239	-0.094467	0.984126	-0.707758	0.705302	-0.040346	-0.690295	-0.702585	-0.172823
42153	9.655058	-0.387549	-1.683786	0.007677	0.001631	-0.004469	-0.150232	-0.094476	0.984126	-0.707766	0.705295	-0.040336	-0.690288	-0.702591	-0.172825
42154	9.646355	-0.380539	-1.716190	0.005863	0.003974	-0.002763	-0.150223	-0.094458	0.984129	-0.707759	0.705302	-0.040340	-0.690298	-0.702586	-0.172806
42155	9.660342	-0.427985	-1.693042	0.007050	0.001358	-0.002178	-0.150234	-0.094455	0.984128	-0.707758	0.705301	-0.040350	-0.690296	-0.702587	-0.172811
42156	9.655191	-0.387089	-1.683130	0.006351	-0.000306	-0.002132	-0.150258	-0.094462	0.984124	-0.707754	0.705305	-0.040362	-0.690295	-0.702582	-0.172834
42157	9.655238	-0.386850	-1.682915	0.006491	0.004245	-0.005053	-0.150232	-0.094459	0.984128	-0.707755	0.705305	-0.040346	-0.690299	-0.702583	-0.172813
42158	9.646529	-0.379740	-1.715389	0.006979	-0.000035	-0.004423	-0.150239	-0.094480	0.984125	-0.707758	0.705302	-0.040336	-0.690295	-0.702582	-0.172833
42159	9.679655	-0.377766	-1.705360	0.005933	0.005367	-0.000517	-0.150235	-0.094437	0.984130	-0.707749	0.705310	-0.040361	-0.690305	-0.702580	-0.172800
42160	9.669232	-0.403237	-1.725681	0.006421	0.001969	-0.003592	-0.150233	-0.094439	0.984130	-0.707747	0.705312	-0.040359	-0.690307	-0.702578	-0.172800
42161	9.644976	-0.411655	-1.702468	0.009003	0.002682	-0.003097	-0.150231	-0.094433	0.984131	-0.707763	0.705296	-0.040365	-0.690291	-0.702595	-0.172794
42162	9.664159	-0.362020	-1.715368	0.007677	0.001628	-0.004467	-0.150226	-0.094443	0.984130	-0.707771	0.705288	-0.040356	-0.690284	-0.702602	-0.172797
42163	9.645067	-0.411237	-1.702051	0.007049	0.001357	-0.002176	-0.150238	-0.094438	0.984129	-0.707770	0.705289	-0.040369	-0.690283	-0.702601	-0.172802
42164	9.685074	-0.417729	-1.714006	0.004467	0.000644	-0.002671	-0.150252	-0.094442	0.984126	-0.707753	0.705306	-0.040372	-0.690297	-0.702584	-0.172816
42165	9.638212	-0.402330	-1.680012	0.005094	0.000914	-0.004962	-0.150249	-0.094461	0.984125	-0.707742	0.705317	-0.040353	-0.690309	-0.702570	-0.172828
42166	9.645169	-0.410728	-1.701595	0.009701	0.003464	0.000564	-0.150267	-0.094423	0.984126	-0.707756	0.705301	-0.040397	-0.690290	-0.702592	-0.172812
42167	9.680003	-0.376504	-1.703666	0.006979	-0.000037	-0.004421	-0.150273	-0.094445	0.984123	-0.707759	0.705298	-0.040386	-0.690286	-0.702591	-0.172831
42168	9.607097	-0.401961	-1.634725	0.005094	0.000914	-0.004962	-0.150269	-0.094464	0.984122	-0.707750	0.705309	-0.040368	-0.690296	-0.702578	-0.172843
42169	9.680067	-0.375805	-1.703454	0.007676	0.001627	-0.004466	-0.150264	-0.094474	0.984122	-0.707757	0.705302	-0.040359	-0.690290	-0.702584	-0.172847
42170	9.662709	-0.392701	-1.702144	0.007049	0.001356	-0.002176	-0.150277	-0.094470	0.984120	-0.707758	0.705301	-0.040371	-0.690287	-0.702585	-0.172853
42171	9.685359	-0.416183	-1.712775	0.006489	0.004241	-0.005052	-0.150249	-0.094467	0.984125	-0.707759	0.705300	-0.040353	-0.690291	-0.702586	-0.172831
42172	9.624591	-0.353193	-1.701422	0.008374	0.003290	-0.004511	-0.150232	-0.094466	0.984127	-0.707772	0.705288	-0.040345	-0.690282	-0.702599	-0.172818
42173	9.643803	-0.441370	-1.687954	0.002651	0.002988	-0.000966	-0.150243	-0.094442	0.984128	-0.707740	0.705319	-0.040362	-0.690312	-0.702571	-0.172810
42174	9.648982	-0.344331	-1.723985	0.010748	-0.001941	-0.003338	-0.150270	-0.094470	0.984121	-0.707767	0.705291	-0.040369	-0.690278	-0.702595	-0.172847
42175	9.643847	-0.441076	-1.687779	0.003279	0.003257	-0.003257	-0.150262	-0.094460	0.984123	-0.707743	0.705316	-0.040364	-0.690305	-0.702572	-0.172835
42176	9.656126	-0.382929	-1.678710	0.007814	0.005294	-0.003682	-0.150237	-0.094439	0.984129	-0.707751	0.705308	-0.040362	-0.690302	-0.702582	-0.172802
42177	9.640527	-0.367480	-1.689232	0.006420	0.001965	-0.003590	-0.150236	-0.094441	0.984129	-0.707749	0.705311	-0.040360	-0.690305	-0.702579	-0.172804
42178	9.661451	-0.423238	-1.687901	0.007676	0.001624	-0.004465	-0.150231	-0.094451	0.984129	-0.707756	0.705303	-0.040351	-0.690298	-0.702586	-0.172807
42179	9.642335	-0.334662	-1.700868	0.005163	0.002306	-0.002715	-0.150233	-0.094444	0.984129	-0.707744	0.705316	-0.040355	-0.690310	-0.702574	-0.172804
42180	9.644129	-0.439851	-1.686485	0.006281	-0.001704	-0.004373	-0.150252	-0.094477	0.984123	-0.707742	0.705318	-0.040344	-0.690308	-0.702567	-0.172840
42181	9.680653	-0.373193	-1.700696	0.010327	0.003732	-0.001724	-0.150251	-0.094453	0.984126	-0.707764	0.705295	-0.040366	-0.690287	-0.702593	-0.172821
42182	9.623329	-0.383330	-1.687268	0.003140	0.000465	-0.007745	-0.150230	-0.094494	0.984125	-0.707745	0.705317	-0.040316	-0.690310	-0.702566	-0.172838
42183	9.652925	-0.415276	-1.719645	0.008511	0.006078	-0.000021	-0.150224	-0.094442	0.984131	-0.707751	0.705308	-0.040351	-0.690305	-0.702582	-0.172795
42184	9.673904	-0.364086	-1.678012	0.006351	-0.000310	-0.002127	-0.150249	-0.094449	0.984126	-0.707747	0.705312	-0.040363	-0.690304	-0.702577	-0.172818
42185	9.639153	-0.398116	-1.675609	0.006419	0.001964	-0.003589	-0.150248	-0.094451	0.984126	-0.707745	0.705315	-0.040361	-0.690307	-0.702574	-0.172819
42186	9.663514	-0.389288	-1.698354	0.006419	0.001964	-0.003589	-0.150247	-0.094452	0.984126	-0.707743	0.705317	-0.040358	-0.690309	-0.702572	-0.172820
42187	9.639254	-0.397717	-1.675126	0.007744	0.003018	-0.002219	-0.150248	-0.094437	0.984128	-0.707747	0.705311	-0.040371	-0.690304	-0.702579	-0.172809
42188	9.637504	-0.399261	-1.729319	0.003906	0.003523	-0.005547	-0.150222	-0.094441	0.984131	-0.707731	0.705329	-0.040345	-0.690327	-0.702560	-0.172795
42189	9.663714	-0.388621	-1.697369	0.010326	0.003731	-0.001723	-0.150221	-0.094418	0.984134	-0.707753	0.705306	-0.040367	-0.690304	-0.702587	-0.172777
42190	9.630697	-0.390435	-1.706894	0.004466	0.000640	-0.002668	-0.150236	-0.094423	0.984131	-0.707736	0.705323	-0.040369	-0.690318	-0.702569	-0.172791
42191	9.663781	-0.388352	-1.697050	0.004466	0.000640	-0.002668	-0.150182	-0.094584	0.984124	-0.707766	0.705301	-0.040222	-0.690299	-0.702570	-0.172866
42192	9.655081	-0.381433	-1.729561	0.008372	0.003285	-0.004508	-0.150165	-0.094583	0.984126	-0.707779	0.705288	-0.040214	-0.690289	-0.702583	-0.172853
42193	9.646505	-0.404952	-1.695398	0.006419	0.001962	-0.003588	-0.150163	-0.094584	0.984127	-0.707776	0.705292	-0.040210	-0.690293	-0.702579	-0.172853
42194	9.681318	-0.370506	-1.697495	0.006419	0.001962	-0.003588	-0.150161	-0.094586	0.984127	-0.707774	0.705294	-0.040207	-0.690296	-0.702577	-0.172853
42195	9.622285	-0.413061	-1.672008	0.006418	0.001962	-0.003588	-0.150159	-0.094586	0.984127	-0.707770	0.705298	-0.040205	-0.690300	-0.702573	-0.172852
42196	9.672681	-0.363362	-1.729713	0.007115	0.003626	-0.003634	-0.150146	-0.094577	0.984130	-0.707773	0.705295	-0.040202	-0.690300	-0.702577	-0.172836
42197	9.653637	-0.412603	-1.716285	0.006350	-0.000311	-0.002125	-0.150169	-0.094585	0.984125	-0.707769	0.705298	-0.040213	-0.690299	-0.702572	-0.172858
42198	9.624127	-0.380232	-1.683410	0.005859	0.003967	-0.002760	-0.150160	-0.094567	0.984129	-0.707762	0.705305	-0.040217	-0.690308	-0.702568	-0.172839
42199	9.664222	-0.386573	-1.694940	0.007183	0.005898	-0.005097	-0.150121	-0.094552	0.984136	-0.707768	0.705300	-0.040201	-0.690310	-0.702575	-0.172802
42200	9.653849	-0.412050	-1.715229	0.007675	0.000744	-0.000754	-0.150148	-0.094543	0.984133	-0.707771	0.705296	-0.040228	-0.690302	-0.702580	-0.172814
42201	9.641717	-0.362613	-1.683485	0.007115	0.003624	-0.003633	-0.150136	-0.094534	0.984135	-0.707775	0.705292	-0.040226	-0.690300	-0.702585	-0.172798
42202	9.647004	-0.403199	-1.692974	0.005722	0.000297	-0.003540	-0.150146	-0.094547	0.984133	-0.707768	0.705299	-0.040223	-0.690305	-0.702577	-0.172815
42203	9.680096	-0.401034	-1.683068	0.006418	0.001960	-0.003587	-0.150143	-0.094549	0.984133	-0.707767	0.705300	-0.040219	-0.690306	-0.702576	-0.172815
42204	9.638346	-0.396100	-1.725345	0.005162	0.002302	-0.002713	-0.150146	-0.094542	0.984133	-0.707755	0.705312	-0.040223	-0.690318	-0.702565	-0.172812
42205	9.638373	-0.395966	-1.725227	0.006350	-0.000312	-0.002123	-0.150168	-0.094550	0.984129	-0.707751	0.705315	-0.040232	-0.690317	-0.702560	-0.172834
42206	9.657593	-0.376886	-1.671622	0.008439	0.004679	-0.002263	-0.150157	-0.094524	0.984133	-0.707761	0.705304	-0.040246	-0.690309	-0.702575	-0.172807
42207	9.648914	-0.370157	-1.704037	0.007046	0.001351	-0.002170	-0.150171	-0.094520	0.984131	-0.707761	0.705304	-0.040258	-0.690307	-0.702575	-0.172814
42208	9.661161	-0.419392	-1.735235	0.005858	0.003965	-0.002760	-0.150161	-0.094502	0.984135	-0.707754	0.705311	-0.040263	-0.690316	-0.702571	-0.172794
42209	9.642086	-0.361289	-1.681656	0.006418	0.001959	-0.003586	-0.150158	-0.094504	0.984135	-0.707752	0.705313	-0.040259	-0.690318	-0.702569	-0.172794
42210	9.652642	-0.442783	-1.700749	0.007742	0.003014	-0.002216	-0.150159	-0.094489	0.984136	-0.707757	0.705307	-0.040271	-0.690313	-0.702577	-0.172784
42211	9.656082	-0.378049	-1.724707	0.006418	0.001959	-0.003586	-0.150158	-0.094491	0.984136	-0.707756	0.705308	-0.040269	-0.690314	-0.702575	-0.172785
42212	9.647476	-0.401523	-1.690682	0.006978	-0.000047	-0.004412	-0.150165	-0.094513	0.984133	-0.707759	0.705305	-0.040259	-0.690309	-0.702575	-0.172805
42213	9.673580	-0.390985	-1.659161	0.007606	-0.001529	0.000711	-0.150215	-0.094510	0.984126	-0.707760	0.705303	-0.040298	-0.690298	-0.702578	-0.172838
42214	9.631820	-0.386055	-1.701546	0.004533	0.003781	-0.007836	-0.150171	-0.094529	0.984131	-0.707752	0.705314	-0.040250	-0.690316	-0.702564	-0.172821
42215	9.649279	-0.368519	-1.702324	0.005857	0.003964	-0.002759	-0.150162	-0.094511	0.984134	-0.707747	0.705318	-0.040255	-0.690323	-0.702562	-0.172802
42216	9.665023	-0.383456	-1.691077	0.007674	0.001615	-0.004458	-0.150157	-0.094522	0.984133	-0.707755	0.705311	-0.040246	-0.690316	-0.702568	-0.172805
42217	9.647697	-0.400270	-1.689719	0.007674	0.001615	-0.004458	-0.150153	-0.094533	0.984133	-0.707764	0.705302	-0.040237	-0.690308	-0.702575	-0.172810
42218	9.665119	-0.382962	-1.690639	0.007741	0.003013	-0.002215	-0.150154	-0.094518	0.984134	-0.707769	0.705297	-0.040250	-0.690302	-0.702583	-0.172799
42219	9.649480	-0.367710	-1.701357	0.007045	0.001350	-0.002168	-0.150167	-0.094514	0.984133	-0.707768	0.705297	-0.040261	-0.690300	-0.702584	-0.172806
42220	9.656580	-0.406411	-1.656227	0.008369	0.003278	-0.004504	-0.150149	-0.094513	0.984135	-0.707781	0.705284	-0.040253	-0.690291	-0.702596	-0.172793
42221	9.654838	-0.408158	-1.710582	0.006349	-0.000314	-0.002120	-0.150174	-0.094521	0.984131	-0.707775	0.705289	-0.040264	-0.690291	-0.702590	-0.172815
42222	9.654856	-0.408065	-1.710505	0.007045	0.001349	-0.002167	-0.150186	-0.094517	0.984129	-0.707776	0.705288	-0.040276	-0.690288	-0.702592	-0.172821
42223	9.656570	-0.375699	-1.722487	0.007045	0.001349	-0.002167	-0.150200	-0.094512	0.984128	-0.707773	0.705290	-0.040289	-0.690287	-0.702591	-0.172828
42224	9.632302	-0.384101	-1.699259	0.007112	0.003619	-0.003631	-0.150187	-0.094503	0.984131	-0.707776	0.705287	-0.040287	-0.690287	-0.702595	-0.172812
42225	9.656771	-0.405667	-1.655295	0.008301	0.001006	-0.003039	-0.150197	-0.094508	0.984129	-0.707787	0.705276	-0.040292	-0.690274	-0.702605	-0.172822
42226	9.665445	-0.381755	-1.689051	0.006417	0.001955	-0.003584	-0.150196	-0.094510	0.984129	-0.707785	0.705278	-0.040290	-0.690276	-0.702603	-0.172823
42227	9.672449	-0.390109	-1.710603	0.005160	0.002298	-0.002711	-0.150197	-0.094503	0.984129	-0.707771	0.705292	-0.040292	-0.690290	-0.702590	-0.172819
42228	9.648183	-0.398570	-1.687345	0.006484	0.003354	-0.001342	-0.150202	-0.094480	0.984131	-0.707766	0.705295	-0.040311	-0.690294	-0.702589	-0.172806
42229	9.672583	-0.389815	-1.709915	0.006484	0.004225	-0.005048	-0.150175	-0.094476	0.984135	-0.707766	0.705297	-0.040294	-0.690301	-0.702588	-0.172785
42230	9.643028	-0.357128	-1.677133	0.009490	-0.000738	-0.006152	-0.150174	-0.094515	0.984131	-0.707789	0.705275	-0.040271	-0.690277	-0.702605	-0.172810
42231	9.648345	-0.397858	-1.686584	0.009692	0.003461	0.000573	-0.150191	-0.094478	0.984133	-0.707805	0.705257	-0.040314	-0.690257	-0.702629	-0.172795
42232	9.632717	-0.382627	-1.697238	0.005788	0.002561	-0.005000	-0.150175	-0.094485	0.984134	-0.707801	0.705262	-0.040296	-0.690265	-0.702622	-0.172789
42233	9.655437	-0.406069	-1.707700	0.005855	0.003960	-0.002758	-0.150165	-0.094466	0.984137	-0.707792	0.705271	-0.040301	-0.690276	-0.702616	-0.172770
42234	9.665892	-0.380248	-1.686831	0.007044	0.001347	-0.002165	-0.150178	-0.094462	0.984136	-0.707792	0.705270	-0.040313	-0.690273	-0.702617	-0.172776
42235	9.608555	-0.390612	-1.673475	0.006416	0.001953	-0.003583	-0.150177	-0.094464	0.984136	-0.707790	0.705272	-0.040310	-0.690275	-0.702615	-0.172777
42236	9.672945	-0.388250	-1.708220	0.009557	0.001530	-0.007615	-0.150150	-0.094498	0.984137	-0.707816	0.705248	-0.040273	-0.690255	-0.702635	-0.172780
42237	9.666010	-0.379341	-1.686358	0.006349	-0.000316	-0.002117	-0.150174	-0.094505	0.984132	-0.707811	0.705253	-0.040284	-0.690255	-0.702629	-0.172803
42238	9.638317	-0.421932	-1.705451	0.007178	0.005885	-0.005095	-0.150135	-0.094490	0.984140	-0.707816	0.705248	-0.040268	-0.690258	-0.702635	-0.172764
42239	9.660856	-0.338142	-1.676027	0.007111	0.002747	0.000077	-0.150154	-0.094461	0.984140	-0.707812	0.705250	-0.040302	-0.690257	-0.702638	-0.172757
42240	9.654129	-0.436939	-1.693805	0.008300	0.001003	-0.003036	-0.150163	-0.094465	0.984138	-0.707823	0.705239	-0.040308	-0.690245	-0.702648	-0.172766
42241	9.666219	-0.378817	-1.685280	0.008300	0.001003	-0.003036	-0.150173	-0.094470	0.984136	-0.707833	0.705228	-0.040314	-0.690232	-0.702658	-0.172775
42242	9.640168	-0.389268	-1.716700	0.007044	0.001346	-0.002164	-0.150186	-0.094466	0.984134	-0.707833	0.705227	-0.040327	-0.690229	-0.702660	-0.172782
42243	9.654239	-0.436428	-1.693308	0.005787	0.002558	-0.004999	-0.150172	-0.094473	0.984136	-0.707828	0.705234	-0.040310	-0.690238	-0.702652	-0.172777
42244	9.643666	-0.354498	-1.674019	0.006349	-0.000317	-0.002116	-0.150196	-0.094481	0.984131	-0.707823	0.705238	-0.040321	-0.690237	-0.702647	-0.172800
42245	9.671679	-0.418823	-1.694155	0.006482	0.004220	-0.005047	-0.150169	-0.094477	0.984136	-0.707823	0.705239	-0.040304	-0.690243	-0.702647	-0.172777
42246	9.659406	-0.338947	-1.729077	0.008433	0.004671	-0.002260	-0.150158	-0.094450	0.984140	-0.707833	0.705228	-0.040317	-0.690235	-0.702661	-0.172750
42247	9.631775	-0.411809	-1.681635	0.005587	-0.003382	-0.004308	-0.150187	-0.094493	0.984132	-0.707823	0.705239	-0.040305	-0.690240	-0.702644	-0.172802
42248	9.656125	-0.403039	-1.704522	0.009689	0.004327	-0.003131	-0.150172	-0.094475	0.984136	-0.707843	0.705219	-0.040312	-0.690223	-0.702667	-0.172778
42249	9.649205	-0.394257	-1.682506	0.005720	0.000287	-0.003533	-0.150184	-0.094487	0.984133	-0.707832	0.705229	-0.040309	-0.690230	-0.702655	-0.172795
42250	9.663192	-0.411309	-1.725830	0.006481	0.003352	-0.001340	-0.150189	-0.094464	0.984134	-0.707828	0.705233	-0.040329	-0.690234	-0.702654	-0.172782
42251	9.633593	-0.378900	-1.693094	0.004464	0.000631	-0.002661	-0.150204	-0.094468	0.984131	-0.707811	0.705250	-0.040333	-0.690248	-0.702637	-0.172797
42252	9.654621	-0.434659	-1.691583	0.005720	0.000287	-0.003532	-0.150215	-0.094481	0.984128	-0.707804	0.705257	-0.040329	-0.690253	-0.702628	-0.172814
42253	9.650996	-0.361285	-1.694119	0.007671	0.001606	-0.004451	-0.150210	-0.094493	0.984128	-0.707814	0.705247	-0.040320	-0.690243	-0.702636	-0.172819
42254	9.656330	-0.402041	-1.703594	0.005720	-0.000580	0.000174	-0.150253	-0.094486	0.984122	-0.707802	0.705258	-0.040353	-0.690247	-0.702626	-0.172845
42255	9.642435	-0.384781	-1.659766	0.004663	0.006569	-0.003353	-0.150222	-0.094454	0.984130	-0.707786	0.705273	-0.040349	-0.690269	-0.702615	-0.172800
42256	9.633774	-0.378011	-1.692263	0.005026	-0.001377	-0.003484	-0.150244	-0.094478	0.984124	-0.707775	0.705285	-0.040345	-0.690277	-0.702600	-0.172834
42257	9.637466	-0.450764	-1.689527	0.007043	0.002210	-0.005869	-0.150224	-0.094494	0.984126	-0.707779	0.705282	-0.040320	-0.690276	-0.702601	-0.172831
42258	9.635506	-0.345071	-1.704192	0.006414	0.001949	-0.003580	-0.150222	-0.094496	0.984126	-0.707777	0.705284	-0.040317	-0.690279	-0.702599	-0.172832
42259	9.639226	-0.417968	-1.701285	0.005158	0.002293	-0.002709	-0.150224	-0.094489	0.984126	-0.707765	0.705297	-0.040320	-0.690291	-0.702587	-0.172829
42260	9.651302	-0.359671	-1.692718	0.007043	0.002209	-0.005868	-0.150205	-0.094506	0.984128	-0.707770	0.705292	-0.040296	-0.690290	-0.702589	-0.172827
42261	9.663643	-0.408855	-1.723889	0.006348	-0.000319	-0.002113	-0.150231	-0.094515	0.984123	-0.707767	0.705295	-0.040308	-0.690287	-0.702586	-0.172852
42262	9.623636	-0.402184	-1.711860	0.007042	0.001343	-0.002162	-0.150244	-0.094511	0.984121	-0.707768	0.705294	-0.040320	-0.690284	-0.702587	-0.172858
42263	9.663716	-0.408637	-1.723530	0.005852	0.003955	-0.002757	-0.150237	-0.094493	0.984124	-0.707760	0.705301	-0.040326	-0.690293	-0.702582	-0.172841
42264	9.642795	-0.382650	-1.658165	0.006910	-0.002327	-0.002935	-0.150270	-0.094520	0.984116	-0.707761	0.705300	-0.040331	-0.690285	-0.702579	-0.172883
42265	9.656770	-0.399663	-1.701664	0.006414	0.001948	-0.003579	-0.150268	-0.094521	0.984116	-0.707758	0.705303	-0.040328	-0.690288	-0.702576	-0.172883
42266	9.663800	-0.408037	-1.723202	0.006414	0.001947	-0.003579	-0.150267	-0.094523	0.984116	-0.707756	0.705305	-0.040325	-0.690291	-0.702574	-0.172884
42267	9.635836	-0.343157	-1.702713	0.005786	0.002552	-0.004997	-0.150251	-0.094531	0.984118	-0.707751	0.705311	-0.040307	-0.690299	-0.702567	-0.172878
42268	9.672603	-0.413949	-1.690069	0.007604	-0.000665	-0.002983	-0.150272	-0.094547	0.984113	-0.707756	0.705305	-0.040312	-0.690289	-0.702570	-0.172904
42269	9.634261	-0.374816	-1.690203	0.003901	0.003500	-0.005544	-0.150247	-0.094552	0.984117	-0.707740	0.705324	-0.040286	-0.690312	-0.702551	-0.172891
42270	9.697030	-0.404827	-1.712619	0.007042	0.001343	-0.002161	-0.150260	-0.094549	0.984115	-0.707740	0.705323	-0.040298	-0.690309	-0.702553	-0.172898
42271	9.641331	-0.383001	-1.711571	0.009555	0.000653	-0.003901	-0.150265	-0.094563	0.984113	-0.707761	0.705302	-0.040296	-0.690287	-0.702571	-0.172910
42272	9.655429	-0.430178	-1.688114	0.003901	0.002636	-0.001838	-0.150271	-0.094548	0.984114	-0.707739	0.705324	-0.040306	-0.690308	-0.702552	-0.172905
42273	9.636086	-0.341813	-1.701565	0.007107	0.003609	-0.003627	-0.150258	-0.094538	0.984116	-0.707741	0.705321	-0.040305	-0.690308	-0.702556	-0.172888
42274	9.665908	-0.404012	-1.666966	0.006413	0.001946	-0.003578	-0.150257	-0.094540	0.984116	-0.707739	0.705323	-0.040302	-0.690310	-0.702553	-0.172889
42275	9.650246	-0.388752	-1.677810	0.007041	0.001342	-0.002160	-0.150270	-0.094536	0.984115	-0.707738	0.705323	-0.040314	-0.690308	-0.702554	-0.172896
42276	9.657251	-0.397248	-1.699494	0.007604	-0.000666	-0.002981	-0.150291	-0.094552	0.984110	-0.707744	0.705318	-0.040319	-0.690298	-0.702557	-0.172922
42277	9.674613	-0.379876	-1.700643	0.007670	0.001600	-0.004448	-0.150286	-0.094562	0.984110	-0.707750	0.705312	-0.040310	-0.690293	-0.702562	-0.172924
42278	9.648625	-0.390320	-1.731902	0.005850	0.003953	-0.002757	-0.150276	-0.094544	0.984113	-0.707743	0.705319	-0.040314	-0.690302	-0.702557	-0.172906
42279	9.674720	-0.379405	-1.700137	0.006976	-0.000063	-0.004398	-0.150284	-0.094567	0.984110	-0.707747	0.705315	-0.040304	-0.690296	-0.702558	-0.172927
42280	9.640077	-0.413424	-1.697566	0.006413	0.001945	-0.003577	-0.150282	-0.094569	0.984110	-0.707745	0.705317	-0.040301	-0.690298	-0.702556	-0.172928
42281	9.641835	-0.411125	-1.642845	0.005785	0.001686	-0.001289	-0.150299	-0.094556	0.984109	-0.707734	0.705328	-0.040319	-0.690307	-0.702547	-0.172930
42282	9.634797	-0.372269	-1.687707	0.007669	0.001599	-0.004447	-0.150293	-0.094566	0.984108	-0.707742	0.705321	-0.040310	-0.690300	-0.702553	-0.172933
42283	9.647200	-0.421525	-1.718706	0.005156	0.002289	-0.002707	-0.150297	-0.094559	0.984108	-0.707728	0.705333	-0.040314	-0.690313	-0.702541	-0.172932
42284	9.626277	-0.395400	-1.653191	0.008363	0.003261	-0.004496	-0.150280	-0.094559	0.984111	-0.707741	0.705321	-0.040306	-0.690303	-0.702553	-0.172919
42285	9.673345	-0.410403	-1.686686	0.006347	-0.000322	-0.002109	-0.150306	-0.094567	0.984106	-0.707736	0.705325	-0.040318	-0.690302	-0.702548	-0.172943
42286	9.641969	-0.380000	-1.708642	0.005784	0.002547	-0.004995	-0.150291	-0.094574	0.984108	-0.707732	0.705330	-0.040300	-0.690310	-0.702542	-0.172938
42287	9.673428	-0.409987	-1.686311	0.004528	0.002031	-0.000419	-0.150310	-0.094553	0.984107	-0.707711	0.705350	-0.040324	-0.690327	-0.702525	-0.172938
42288	9.642051	-0.379770	-1.708232	0.008297	0.000995	-0.003028	-0.150319	-0.094558	0.984105	-0.707721	0.705340	-0.040330	-0.690315	-0.702535	-0.172947
42289	9.650795	-0.386018	-1.675278	0.006412	0.001943	-0.003576	-0.150317	-0.094559	0.984105	-0.707717	0.705344	-0.040326	-0.690319	-0.702530	-0.172946
42290	9.656132	-0.396588	-1.751336	0.007669	0.001597	-0.004446	-0.150312	-0.094570	0.984105	-0.707725	0.705336	-0.040317	-0.690312	-0.702536	-0.172950
42291	9.657892	-0.394197	-1.696563	0.007734	0.003002	-0.002207	-0.150314	-0.094555	0.984106	-0.707731	0.705330	-0.040330	-0.690306	-0.702545	-0.172940
42292	9.650950	-0.385259	-1.674563	0.008297	0.001854	-0.006733	-0.150291	-0.094580	0.984107	-0.707747	0.705316	-0.040300	-0.690295	-0.702555	-0.172941
42293	9.658020	-0.393411	-1.696015	0.003899	0.003493	-0.005544	-0.150265	-0.094584	0.984111	-0.707730	0.705334	-0.040274	-0.690318	-0.702537	-0.172927
42294	9.642361	-0.377953	-1.706883	0.006975	-0.000066	-0.004395	-0.150272	-0.094606	0.984108	-0.707733	0.705331	-0.040264	-0.690313	-0.702536	-0.172948
42295	9.656495	-0.425010	-1.683320	0.005848	0.003950	-0.002756	-0.150265	-0.094588	0.984111	-0.707727	0.705338	-0.040270	-0.690321	-0.702532	-0.172930
42296	9.658156	-0.392656	-1.695416	0.006347	-0.000323	-0.002107	-0.150290	-0.094596	0.984106	-0.707722	0.705342	-0.040281	-0.690321	-0.702527	-0.172953
42297	9.640853	-0.409644	-1.694072	0.006412	0.001942	-0.003575	-0.150288	-0.094597	0.984106	-0.707719	0.705345	-0.040278	-0.690324	-0.702524	-0.172954
42298	9.651221	-0.383574	-1.673385	0.007668	0.001596	-0.004444	-0.150283	-0.094608	0.984106	-0.707727	0.705338	-0.040269	-0.690317	-0.702530	-0.172957
42299	9.633955	-0.400495	-1.671849	0.005848	0.003949	-0.002756	-0.150273	-0.094590	0.984109	-0.707720	0.705345	-0.040273	-0.690327	-0.702525	-0.172937
42300	9.658320	-0.391931	-1.694649	0.006975	-0.000926	-0.000688	-0.150312	-0.094592	0.984103	-0.707717	0.705346	-0.040299	-0.690321	-0.702524	-0.172966
42301	9.675661	-0.374651	-1.695832	0.007668	0.001595	-0.004444	-0.150306	-0.094601	0.984103	-0.707723	0.705340	-0.040290	-0.690316	-0.702528	-0.172968
42302	9.632363	-0.402214	-1.725909	0.005783	0.002543	-0.004993	-0.150291	-0.094609	0.984105	-0.707719	0.705345	-0.040272	-0.690324	-0.702522	-0.172963
42303	9.665497	-0.399850	-1.715589	0.007233	0.007273	-0.002855	-0.150258	-0.094569	0.984113	-0.707722	0.705342	-0.040278	-0.690327	-0.702531	-0.172912
42304	9.658534	-0.391142	-1.693610	0.006282	-0.002589	-0.000637	-0.150309	-0.094582	0.984104	-0.707715	0.705348	-0.040304	-0.690324	-0.702523	-0.172957
42305	9.658550	-0.391018	-1.693549	0.008360	0.003256	-0.004493	-0.150293	-0.094583	0.984107	-0.707729	0.705333	-0.040295	-0.690312	-0.702537	-0.172946
42306	9.635883	-0.366994	-1.682655	0.003834	0.001226	-0.004074	-0.150293	-0.094593	0.984106	-0.707710	0.705353	-0.040283	-0.690332	-0.702516	-0.172954
42307	9.657035	-0.422639	-1.680816	0.006411	0.001940	-0.003574	-0.150293	-0.094596	0.984106	-0.707710	0.705353	-0.040280	-0.690332	-0.702516	-0.172956
42308	9.635955	-0.366472	-1.682355	0.005718	0.000277	-0.003524	-0.150303	-0.094610	0.984103	-0.707704	0.705361	-0.040276	-0.690337	-0.702507	-0.172974
42309	9.681463	-0.413633	-1.703373	0.009052	0.004917	-0.004542	-0.150275	-0.094599	0.984108	-0.707723	0.705342	-0.040268	-0.690323	-0.702527	-0.172945
42310	9.665835	-0.398248	-1.714057	0.005783	0.002541	-0.004993	-0.150260	-0.094607	0.984110	-0.707719	0.705347	-0.040251	-0.690331	-0.702521	-0.172940
42311	9.651859	-0.380794	-1.670336	0.007103	0.002744	0.000083	-0.150279	-0.094578	0.984109	-0.707716	0.705347	-0.040285	-0.690329	-0.702524	-0.172933
42312	9.658921	-0.389403	-1.691804	0.006411	0.001939	-0.003573	-0.150278	-0.094580	0.984109	-0.707714	0.705349	-0.040283	-0.690331	-0.702522	-0.172934
42313	9.627557	-0.359077	-1.713670	0.007103	0.003601	-0.003623	-0.150266	-0.094569	0.984112	-0.707717	0.705347	-0.040282	-0.690331	-0.702526	-0.172918
42314	9.664448	-0.429917	-1.700613	0.005782	0.001683	-0.001286	-0.150282	-0.094557	0.984111	-0.707707	0.705356	-0.040300	-0.690338	-0.702518	-0.172921
42315	9.659075	-0.388879	-1.691045	0.007667	0.001591	-0.004441	-0.150279	-0.094567	0.984110	-0.707714	0.705349	-0.040292	-0.690331	-0.702524	-0.172925
42316	9.619071	-0.382062	-1.678959	0.006411	0.001938	-0.003573	-0.150278	-0.094569	0.984110	-0.707712	0.705352	-0.040289	-0.690334	-0.702521	-0.172926
42317	9.666193	-0.397123	-1.712297	0.007731	0.002998	-0.002204	-0.150280	-0.094554	0.984112	-0.707716	0.705346	-0.040303	-0.690328	-0.702529	-0.172916
42318	9.643521	-0.373178	-1.701375	0.005782	0.002539	-0.004992	-0.150264	-0.094561	0.984113	-0.707712	0.705351	-0.040285	-0.690336	-0.702522	-0.172911
42319	9.650651	-0.411404	-1.656084	0.006975	-0.000071	-0.004390	-0.150269	-0.094583	0.984110	-0.707714	0.705350	-0.040273	-0.690333	-0.702520	-0.172930
42320	9.660920	-0.355433	-1.702280	0.005846	0.003946	-0.002755	-0.150260	-0.094565	0.984114	-0.707707	0.705357	-0.040277	-0.690343	-0.702516	-0.172911
42321	9.638813	-0.439122	-1.730451	0.007102	0.003599	-0.003622	-0.150245	-0.094555	0.984117	-0.707708	0.705356	-0.040274	-0.690344	-0.702518	-0.172894
42322	9.661084	-0.355009	-1.701438	0.007794	0.005260	-0.003673	-0.150220	-0.094535	0.984122	-0.707716	0.705348	-0.040273	-0.690342	-0.702529	-0.172861
42323	9.659560	-0.386981	-1.688711	0.006410	0.001936	-0.003572	-0.150218	-0.094537	0.984123	-0.707712	0.705352	-0.040269	-0.690346	-0.702525	-0.172862
42324	9.643891	-0.371712	-1.699594	0.006410	0.001936	-0.003572	-0.150217	-0.094539	0.984123	-0.707710	0.705354	-0.040266	-0.690348	-0.702522	-0.172862
42325	9.626639	-0.388830	-1.698001	0.007793	0.004405	0.000034	-0.150223	-0.094497	0.984126	-0.707711	0.705352	-0.040300	-0.690347	-0.702530	-0.172837
42326	9.689510	-0.419010	-1.720082	0.008358	0.003251	-0.004489	-0.150206	-0.094497	0.984128	-0.707723	0.705340	-0.040291	-0.690338	-0.702543	-0.172824
42327	9.651097	-0.379971	-1.720389	0.006975	-0.000073	-0.004388	-0.150213	-0.094518	0.984125	-0.707724	0.705340	-0.040282	-0.690335	-0.702540	-0.172844
42328	9.642513	-0.403171	-1.686159	0.004525	0.002883	-0.004123	-0.150201	-0.094517	0.984127	-0.707710	0.705355	-0.040270	-0.690352	-0.702525	-0.172836
42329	9.684221	-0.377269	-1.710126	0.005153	0.002282	-0.002703	-0.150204	-0.094511	0.984127	-0.707699	0.705365	-0.040274	-0.690362	-0.702515	-0.172834
42330	9.625308	-0.419858	-1.684413	0.007666	0.001588	-0.004438	-0.150199	-0.094522	0.984127	-0.707707	0.705357	-0.040264	-0.690355	-0.702521	-0.172838
42331	9.691407	-0.415327	-1.664521	0.005153	0.002282	-0.002703	-0.150201	-0.094516	0.984127	-0.707695	0.705369	-0.040267	-0.690367	-0.702510	-0.172836
42332	9.649760	-0.410938	-1.706862	0.007101	0.003596	-0.003621	-0.150188	-0.094507	0.984130	-0.707698	0.705367	-0.040265	-0.690367	-0.702514	-0.172820
42333	9.634106	-0.395717	-1.717662	0.005153	0.002282	-0.002703	-0.150193	-0.094501	0.984130	-0.707686	0.705378	-0.040270	-0.690378	-0.702503	-0.172820
42334	9.700188	-0.391174	-1.697849	0.006975	-0.000075	-0.004387	-0.150200	-0.094522	0.984127	-0.707689	0.705376	-0.040260	-0.690374	-0.702503	-0.172840
42335	9.609845	-0.403726	-1.694348	0.005844	0.003943	-0.002754	-0.150191	-0.094504	0.984130	-0.707681	0.705384	-0.040264	-0.690384	-0.702498	-0.172821
