// General information: 
//  MT Manager version: 2019.2.0 
//  XDA version: 2019.2.0 build 3853 rev 94535 built on 2019-09-09
// Device information: 
//  DeviceId: 00B44112
//  ProductCode: MTW2-3A7G6
//  Firmware Version: 4.3.5
//  Hardware Version: 1.1.0
// Device settings: 
//  Filter Profile: human(46.1)
//  Option Flags: Orientation Smoother Disabled, AHS Disabled, ICC Disabled
// Coordinate system: ENU
PacketCounter	Acc_X	Acc_Y	Acc_Z	Gyr_X	Gyr_Y	Gyr_Z	Mat[1][1]	Mat[2][1]	Mat[3][1]	Mat[1][2]	Mat[2][2]	Mat[3][2]	Mat[1][3]	Mat[2][3]	Mat[3][3]
42075	9.354504	-0.561065	3.101154	0.002081	0.001516	0.003974	0.238639	0.216559	0.946654	-0.530467	0.845600	-0.059718	-0.813423	-0.487918	0.316670
42076	9.356963	-0.613771	3.116293	0.001569	-0.001693	0.003954	0.238620	0.216549	0.946661	-0.530486	0.845588	-0.059712	-0.813416	-0.487942	0.316650
42077	9.349527	-0.586429	3.135213	-0.002531	0.000789	0.007260	0.238602	0.216578	0.946659	-0.530478	0.845590	-0.059751	-0.813426	-0.487925	0.316650
42078	9.359558	-0.616158	3.150682	0.000406	0.000114	0.003434	0.238601	0.216574	0.946660	-0.530484	0.845587	-0.059744	-0.813422	-0.487933	0.316647
42079	9.339381	-0.558075	3.119829	0.000406	0.000114	0.003434	0.238598	0.216567	0.946662	-0.530491	0.845583	-0.059738	-0.813419	-0.487943	0.316642
42080	9.346745	-0.586260	3.100957	-0.000756	0.001920	0.002914	0.238612	0.216565	0.946659	-0.530486	0.845587	-0.059730	-0.813418	-0.487937	0.316652
42081	9.316629	-0.577184	3.138470	-0.000756	0.001920	0.002914	0.238627	0.216563	0.946656	-0.530482	0.845590	-0.059722	-0.813416	-0.487933	0.316663
42082	9.364315	-0.592934	3.116892	-0.001775	-0.001131	0.004346	0.238608	0.216557	0.946662	-0.530473	0.845595	-0.059730	-0.813428	-0.487927	0.316643
42083	9.349290	-0.588636	3.135504	0.001825	-0.000089	0.003964	0.238600	0.216554	0.946665	-0.530493	0.845583	-0.059724	-0.813417	-0.487948	0.316637
42084	9.349295	-0.588953	3.135431	0.001569	-0.001693	0.003954	0.238582	0.216545	0.946672	-0.530511	0.845572	-0.059719	-0.813411	-0.487972	0.316617
42085	9.361632	-0.592866	3.082318	-0.002531	0.000790	0.007260	0.238564	0.216574	0.946669	-0.530503	0.845574	-0.059758	-0.813421	-0.487955	0.316617
42086	9.351872	-0.591258	3.169896	-0.000250	0.001763	0.001462	0.238586	0.216559	0.946667	-0.530505	0.845575	-0.059732	-0.813414	-0.487961	0.316628
42087	9.349187	-0.590252	3.135510	0.001062	-0.001535	0.005406	0.238559	0.216561	0.946674	-0.530521	0.845564	-0.059741	-0.813410	-0.487979	0.316607
42088	9.331502	-0.584635	3.119723	-0.001012	0.000316	0.002904	0.238560	0.216551	0.946676	-0.530508	0.845573	-0.059737	-0.813419	-0.487968	0.316601
42089	9.339091	-0.561746	3.120039	0.000406	0.000114	0.003434	0.238557	0.216545	0.946678	-0.530514	0.845569	-0.059731	-0.813416	-0.487977	0.316596
42090	9.361481	-0.594705	3.082423	-0.000100	0.000272	0.004886	0.238548	0.216552	0.946679	-0.530517	0.845566	-0.059740	-0.813417	-0.487978	0.316593
42091	9.349072	-0.591939	3.135532	-0.002531	0.000791	0.007260	0.238531	0.216581	0.946676	-0.530509	0.845569	-0.059779	-0.813427	-0.487961	0.316592
42092	9.346371	-0.591077	3.101169	-0.000506	0.000158	0.001452	0.238540	0.216559	0.946679	-0.530502	0.845575	-0.059757	-0.813429	-0.487961	0.316588
42093	9.353932	-0.568262	3.101567	-0.000349	0.002035	0.006348	0.238537	0.216587	0.946673	-0.530510	0.845568	-0.059781	-0.813425	-0.487959	0.316601
42094	9.358918	-0.622423	3.151352	0.000920	0.003323	0.003454	0.238560	0.216596	0.946665	-0.530521	0.845562	-0.059772	-0.813411	-0.487966	0.316626
42095	9.338685	-0.564540	3.120751	-0.002274	0.002396	0.007270	0.238556	0.216634	0.946658	-0.530515	0.845563	-0.059811	-0.813416	-0.487948	0.316641
42096	9.341027	-0.617383	3.136070	-0.000249	0.001763	0.001462	0.238577	0.216618	0.946656	-0.530510	0.845568	-0.059787	-0.813413	-0.487946	0.316651
42097	9.378863	-0.552808	3.118390	0.001319	0.000069	0.005417	0.238563	0.216629	0.946657	-0.530528	0.845555	-0.059797	-0.813405	-0.487963	0.316646
42098	9.315851	-0.584168	3.139488	-0.000755	0.001921	0.002914	0.238578	0.216627	0.946654	-0.530521	0.845560	-0.059790	-0.813405	-0.487955	0.316657
42099	9.360823	-0.598629	3.083663	0.000157	0.001877	0.004897	0.238581	0.216641	0.946650	-0.530529	0.845555	-0.059798	-0.813399	-0.487959	0.316668
42100	9.366070	-0.601720	3.152567	-0.001519	0.000475	0.004356	0.238577	0.216645	0.946650	-0.530520	0.845560	-0.059807	-0.813406	-0.487948	0.316666
42101	9.340709	-0.619268	3.136645	-0.002174	0.002124	0.002384	0.238597	0.216640	0.946646	-0.530503	0.845571	-0.059798	-0.813411	-0.487931	0.316678
42102	9.393540	-0.559461	3.100401	-0.001262	0.002080	0.004366	0.238603	0.216649	0.946642	-0.530500	0.845573	-0.059805	-0.813411	-0.487924	0.316689
42103	9.337926	-0.618772	3.102466	-0.001776	-0.001130	0.004346	0.238586	0.216645	0.946648	-0.530491	0.845578	-0.059814	-0.813423	-0.487917	0.316671
42104	9.333192	-0.592516	3.155771	0.002331	-0.000247	0.002513	0.238587	0.216630	0.946651	-0.530516	0.845564	-0.059791	-0.813406	-0.487948	0.316666
42105	9.338148	-0.568236	3.121685	-0.002431	0.000520	0.002374	0.238593	0.216617	0.946652	-0.530497	0.845576	-0.059783	-0.813417	-0.487932	0.316663
42106	9.340533	-0.620936	3.136839	0.000406	0.000114	0.003434	0.238589	0.216610	0.946655	-0.530504	0.845573	-0.059776	-0.813413	-0.487942	0.316657
42107	9.343069	-0.544413	3.087630	-0.000100	0.000272	0.004887	0.238580	0.216617	0.946656	-0.530509	0.845568	-0.059784	-0.813412	-0.487946	0.316653
42108	9.322788	-0.615754	3.121160	-0.002937	0.000678	0.003826	0.238580	0.216616	0.946656	-0.530490	0.845580	-0.059792	-0.813425	-0.487926	0.316652
42109	9.373288	-0.581793	3.153476	0.004015	0.004522	0.004526	0.238608	0.216641	0.946643	-0.530528	0.845557	-0.059784	-0.813392	-0.487956	0.316690
42110	9.337796	-0.570035	3.122412	-0.004753	0.004135	0.001334	0.238649	0.216637	0.946634	-0.530487	0.845583	-0.059774	-0.813406	-0.487912	0.316721
42111	9.347821	-0.599625	3.137802	0.000546	-0.004744	0.005386	0.238597	0.216623	0.946650	-0.530500	0.845574	-0.059785	-0.813414	-0.487933	0.316670
42112	9.355482	-0.576753	3.137966	-0.000249	0.001763	0.001462	0.238618	0.216608	0.946648	-0.530492	0.845581	-0.059763	-0.813413	-0.487928	0.316679
42113	9.362813	-0.604942	3.119097	-0.001519	0.000475	0.004356	0.238613	0.216611	0.946648	-0.530485	0.845585	-0.059771	-0.813418	-0.487920	0.316677
42114	9.345367	-0.548223	3.122660	0.000406	0.000114	0.003435	0.238612	0.216606	0.946650	-0.530494	0.845579	-0.059763	-0.813413	-0.487932	0.316673
42115	9.345077	-0.599677	3.103417	-0.002937	0.000679	0.003826	0.238612	0.216606	0.946650	-0.530474	0.845591	-0.059771	-0.813426	-0.487912	0.316672
42116	9.373027	-0.584227	3.153802	0.001567	-0.001694	0.003955	0.238591	0.216594	0.946658	-0.530494	0.845580	-0.059764	-0.813419	-0.487937	0.316650
42117	9.327378	-0.594346	3.087640	0.000664	0.001718	0.003445	0.238602	0.216596	0.946655	-0.530502	0.845575	-0.059757	-0.813410	-0.487944	0.316660
42118	9.347628	-0.601920	3.137937	-0.000249	0.001763	0.001462	0.238623	0.216581	0.946653	-0.530497	0.845580	-0.059734	-0.813408	-0.487943	0.316671
42119	9.337524	-0.573002	3.122681	-0.001261	0.002080	0.004367	0.238632	0.216592	0.946648	-0.530492	0.845582	-0.059742	-0.813408	-0.487933	0.316683
42120	9.362468	-0.607442	3.119645	-0.003186	0.002442	0.005288	0.238638	0.216613	0.946642	-0.530475	0.845591	-0.059763	-0.813417	-0.487908	0.316698
42121	9.337366	-0.573894	3.122991	-0.000506	0.000159	0.001452	0.238647	0.216590	0.946645	-0.530469	0.845596	-0.059741	-0.813419	-0.487909	0.316693
42122	9.347347	-0.603339	3.138503	0.002082	0.001515	0.003975	0.238652	0.216595	0.946642	-0.530488	0.845585	-0.059735	-0.813405	-0.487927	0.316701
42123	9.354943	-0.580461	3.138892	0.000406	0.000114	0.003435	0.238649	0.216589	0.946645	-0.530495	0.845581	-0.059728	-0.813401	-0.487936	0.316696
42124	9.369649	-0.636701	3.100983	-0.002025	0.000635	0.005809	0.238639	0.216607	0.946643	-0.530494	0.845580	-0.059750	-0.813405	-0.487930	0.316697
42125	9.344544	-0.603226	3.104334	-0.002173	0.002125	0.002384	0.238659	0.216601	0.946639	-0.530477	0.845592	-0.059741	-0.813410	-0.487913	0.316710
42126	9.337090	-0.575709	3.123479	0.001576	0.001674	0.005428	0.238656	0.216618	0.946636	-0.530496	0.845579	-0.059750	-0.813399	-0.487927	0.316717
42127	9.352055	-0.580800	3.104905	0.000406	0.000114	0.003435	0.238653	0.216611	0.946638	-0.530502	0.845576	-0.059743	-0.813395	-0.487936	0.316712
42128	9.362063	-0.610404	3.120283	-0.001777	-0.001128	0.004346	0.238636	0.216607	0.946644	-0.530492	0.845581	-0.059752	-0.813407	-0.487928	0.316694
42129	9.344366	-0.604750	3.104572	0.000664	0.001718	0.003445	0.238646	0.216608	0.946641	-0.530501	0.845576	-0.059745	-0.813398	-0.487936	0.316705
42130	9.339570	-0.578485	3.158105	0.000664	0.001719	0.003445	0.238655	0.216608	0.946639	-0.530509	0.845572	-0.059737	-0.813391	-0.487943	0.316713
42131	9.319206	-0.571499	3.108069	-0.001519	0.000476	0.004356	0.238651	0.216612	0.946639	-0.530502	0.845576	-0.059745	-0.813396	-0.487935	0.316710
42132	9.372161	-0.589994	3.155303	0.000406	0.000114	0.003435	0.238648	0.216605	0.946641	-0.530512	0.845570	-0.059737	-0.813390	-0.487948	0.316706
42133	9.354484	-0.584191	3.139568	0.002331	-0.000248	0.002513	0.238648	0.216590	0.946645	-0.530532	0.845559	-0.059715	-0.813378	-0.487974	0.316698
42134	9.344120	-0.606274	3.105016	0.000922	0.003323	0.003455	0.238670	0.216598	0.946637	-0.530536	0.845557	-0.059709	-0.813368	-0.487974	0.316722
42135	9.321645	-0.573886	3.142887	-0.000248	0.001763	0.001462	0.238691	0.216583	0.946635	-0.530532	0.845561	-0.059686	-0.813365	-0.487974	0.316733
42136	9.369310	-0.589733	3.121323	-0.000865	-0.001173	0.006329	0.238664	0.216596	0.946639	-0.530536	0.845557	-0.059711	-0.813370	-0.487975	0.316716
42137	9.351655	-0.584236	3.105465	-0.000358	-0.001331	0.004877	0.238642	0.216595	0.946645	-0.530540	0.845554	-0.059720	-0.813374	-0.487981	0.316697
42138	9.328965	-0.603160	3.123782	-0.002937	0.000680	0.003826	0.238641	0.216594	0.946645	-0.530515	0.845568	-0.059729	-0.813390	-0.487956	0.316694
42139	9.336581	-0.580432	3.124129	-0.001519	0.000477	0.004357	0.238636	0.216598	0.946646	-0.530509	0.845572	-0.059738	-0.813396	-0.487948	0.316691
42140	9.376915	-0.568317	3.121458	-0.000764	-0.001445	0.001442	0.238631	0.216566	0.946654	-0.530498	0.845580	-0.059716	-0.813404	-0.487948	0.316670
42141	9.343870	-0.609083	3.105218	-0.002015	0.004004	0.007282	0.238640	0.216612	0.946642	-0.530494	0.845580	-0.059754	-0.813405	-0.487928	0.316700
42142	9.354131	-0.587772	3.139951	0.002726	-0.003502	0.004475	0.238604	0.216598	0.946654	-0.530525	0.845561	-0.059749	-0.813395	-0.487967	0.316665
42143	9.346495	-0.611266	3.139505	-0.002431	0.000522	0.002374	0.238610	0.216585	0.946655	-0.530506	0.845573	-0.059741	-0.813405	-0.487951	0.316662
42144	9.344082	-0.559156	3.124564	-0.000496	0.003527	0.002925	0.238639	0.216591	0.946647	-0.530506	0.845574	-0.059732	-0.813397	-0.487948	0.316690
42145	9.353969	-0.588750	3.140250	-0.001260	0.002082	0.004367	0.238647	0.216603	0.946642	-0.530502	0.845576	-0.059739	-0.813398	-0.487939	0.316702
42146	9.353910	-0.589126	3.140356	-0.001013	0.000318	0.002904	0.238649	0.216593	0.946644	-0.530500	0.845578	-0.059730	-0.813398	-0.487940	0.316699
42147	9.353884	-0.589432	3.140374	0.000406	0.000114	0.003435	0.238647	0.216586	0.946646	-0.530506	0.845575	-0.059723	-0.813395	-0.487949	0.316694
42148	9.346186	-0.612991	3.140090	-0.001519	0.000477	0.004357	0.238641	0.216589	0.946647	-0.530499	0.845578	-0.059730	-0.813401	-0.487941	0.316690
42149	9.333481	-0.582733	3.090426	0.002847	0.002960	0.002534	0.238667	0.216589	0.946640	-0.530524	0.845565	-0.059708	-0.813378	-0.487965	0.316713
42150	9.361055	-0.618229	3.121767	-0.005267	0.000930	0.001313	0.238681	0.216568	0.946641	-0.530474	0.845596	-0.059701	-0.813405	-0.487919	0.316712
42151	9.343677	-0.561560	3.125345	0.002230	0.000024	0.007401	0.238657	0.216595	0.946641	-0.530505	0.845575	-0.059726	-0.813392	-0.487944	0.316707
42152	9.353647	-0.591331	3.140723	-0.001777	-0.001127	0.004346	0.238641	0.216592	0.946646	-0.530501	0.845577	-0.059733	-0.813400	-0.487942	0.316691
42153	9.353640	-0.591716	3.140672	0.000406	0.000114	0.003435	0.238638	0.216585	0.946648	-0.530507	0.845574	-0.059726	-0.813396	-0.487951	0.316686
42154	9.350967	-0.590762	3.106302	-0.002937	0.000682	0.003826	0.238638	0.216585	0.946648	-0.530486	0.845586	-0.059734	-0.813410	-0.487929	0.316684
42155	9.353547	-0.592471	3.140807	0.000664	0.001719	0.003446	0.238648	0.216587	0.946645	-0.530495	0.845582	-0.059727	-0.813402	-0.487936	0.316695
42156	9.350883	-0.591443	3.106426	-0.001271	-0.001286	0.002894	0.238636	0.216568	0.946652	-0.530485	0.845588	-0.059721	-0.813412	-0.487933	0.316674
42157	9.350860	-0.591977	3.106392	-0.002531	0.000796	0.007261	0.238619	0.216598	0.946650	-0.530477	0.845591	-0.059760	-0.813422	-0.487916	0.316674
42158	9.333138	-0.586364	3.090776	-0.003084	0.002172	0.000402	0.238648	0.216575	0.946648	-0.530445	0.845612	-0.059736	-0.813434	-0.487889	0.316685
42159	9.345726	-0.617236	3.140626	0.001059	-0.001535	0.005407	0.238621	0.216577	0.946654	-0.530462	0.845601	-0.059745	-0.813431	-0.487907	0.316664
42160	9.335686	-0.588459	3.125300	-0.001001	0.003686	0.004378	0.238644	0.216597	0.946644	-0.530458	0.845603	-0.059753	-0.813427	-0.487895	0.316693
42161	9.357933	-0.621450	3.087917	0.000665	0.001719	0.003446	0.238654	0.216598	0.946641	-0.530466	0.845598	-0.059745	-0.813418	-0.487903	0.316704
42162	9.343202	-0.566037	3.125958	-0.000101	0.000274	0.004887	0.238646	0.216605	0.946642	-0.530474	0.845593	-0.059753	-0.813416	-0.487909	0.316700
42163	9.327812	-0.612766	3.125353	0.000406	0.000114	0.003435	0.238643	0.216599	0.946644	-0.530481	0.845589	-0.059746	-0.813413	-0.487918	0.316695
42164	9.360782	-0.572712	3.141799	0.001171	0.001559	0.001993	0.238660	0.216588	0.946642	-0.530490	0.845585	-0.059724	-0.813401	-0.487930	0.316705
42165	9.350402	-0.595002	3.107193	-0.002531	0.000797	0.007261	0.238643	0.216618	0.946639	-0.530482	0.845587	-0.059762	-0.813412	-0.487913	0.316705
42166	9.335370	-0.590733	3.125814	-0.000765	-0.001445	0.001442	0.238638	0.216587	0.946648	-0.530474	0.845594	-0.059740	-0.813418	-0.487916	0.316685
42167	9.390762	-0.583396	3.104404	0.001059	-0.001535	0.005408	0.238612	0.216589	0.946654	-0.530490	0.845583	-0.059750	-0.813415	-0.487934	0.316664
42168	9.277315	-0.597736	3.112716	-0.000235	0.005132	0.002936	0.238653	0.216603	0.946640	-0.530490	0.845583	-0.059741	-0.813403	-0.487926	0.316707
42169	9.390575	-0.584148	3.104828	-0.000101	0.000274	0.004888	0.238644	0.216610	0.946641	-0.530496	0.845579	-0.059749	-0.813402	-0.487931	0.316703
42170	9.320127	-0.587517	3.144869	-0.002678	0.002287	0.003837	0.238656	0.216617	0.946636	-0.530476	0.845591	-0.059757	-0.813412	-0.487906	0.316716
42171	9.382730	-0.608217	3.104820	-0.001260	0.002083	0.004367	0.238665	0.216628	0.946632	-0.530471	0.845594	-0.059764	-0.813412	-0.487897	0.316728
42172	9.327654	-0.565239	3.145492	-0.002937	0.000683	0.003826	0.238664	0.216627	0.946632	-0.530453	0.845605	-0.059771	-0.813424	-0.487878	0.316726
42173	9.352195	-0.650804	3.123085	-0.000348	0.002038	0.006351	0.238662	0.216655	0.946626	-0.530460	0.845598	-0.059794	-0.813420	-0.487877	0.316739
42174	9.327514	-0.565988	3.145773	0.000766	0.001445	-0.001442	0.238696	0.216614	0.946627	-0.530463	0.845601	-0.059738	-0.813409	-0.487891	0.316747
42175	9.347199	-0.597579	3.073762	-0.002791	-0.000807	0.007251	0.238666	0.216636	0.946630	-0.530452	0.845605	-0.059778	-0.813424	-0.487875	0.316732
42176	9.345117	-0.572902	3.161493	0.001824	-0.000090	0.003966	0.238658	0.216632	0.946632	-0.530471	0.845593	-0.059771	-0.813414	-0.487896	0.316725
42177	9.357488	-0.576753	3.108388	-0.003703	-0.000761	0.005268	0.238639	0.216637	0.946636	-0.530449	0.845606	-0.059795	-0.813435	-0.487872	0.316709
42178	9.342057	-0.623538	3.107802	-0.002171	0.002128	0.002385	0.238657	0.216631	0.946633	-0.530432	0.845617	-0.059786	-0.813440	-0.487856	0.316720
42179	9.350047	-0.549598	3.127587	0.000665	0.001719	0.003446	0.238667	0.216633	0.946630	-0.530440	0.845612	-0.059779	-0.813432	-0.487864	0.316730
42180	9.352283	-0.602237	3.142712	-0.002184	-0.001240	0.000911	0.238666	0.216598	0.946638	-0.530419	0.845627	-0.059757	-0.813446	-0.487853	0.316710
42181	9.357318	-0.578110	3.108647	0.002489	0.001628	0.007412	0.238654	0.216633	0.946633	-0.530452	0.845604	-0.059781	-0.813427	-0.487877	0.316721
42182	9.342241	-0.573833	3.127408	-0.002431	0.000524	0.002374	0.238663	0.216621	0.946634	-0.530437	0.845614	-0.059772	-0.813435	-0.487865	0.316720
42183	9.352181	-0.603463	3.142780	0.001058	-0.001535	0.005408	0.238636	0.216623	0.946640	-0.530454	0.845603	-0.059782	-0.813432	-0.487883	0.316700
42184	9.357220	-0.579337	3.108716	-0.000753	0.001924	0.002915	0.238649	0.216620	0.946637	-0.530451	0.845606	-0.059773	-0.813430	-0.487879	0.316710
42185	9.374798	-0.585869	3.124569	-0.002025	0.000639	0.005809	0.238638	0.216636	0.946636	-0.530443	0.845609	-0.059797	-0.813438	-0.487867	0.316708
42186	9.342076	-0.575507	3.127593	0.000665	0.001719	0.003446	0.238649	0.216638	0.946633	-0.530457	0.845601	-0.059787	-0.813426	-0.487880	0.316719
42187	9.319333	-0.594239	3.145959	-0.002690	-0.001080	0.002363	0.238642	0.216617	0.946640	-0.530436	0.845615	-0.059780	-0.813442	-0.487865	0.316701
42188	9.324435	-0.569960	3.111749	-0.000766	-0.001445	0.001442	0.238639	0.216587	0.946648	-0.530431	0.845619	-0.059757	-0.813446	-0.487871	0.316682
42189	9.392360	-0.593174	3.140324	0.000665	0.001719	0.003446	0.238649	0.216589	0.946645	-0.530440	0.845614	-0.059749	-0.813437	-0.487879	0.316692
42190	9.349325	-0.604706	3.108561	-0.002791	-0.000806	0.007251	0.238618	0.216609	0.946648	-0.530429	0.845618	-0.059789	-0.813454	-0.487863	0.316675
42191	9.341994	-0.577341	3.127499	0.000406	0.000114	0.003436	0.238615	0.216603	0.946650	-0.530436	0.845615	-0.059782	-0.813450	-0.487872	0.316670
42192	9.356935	-0.582380	3.109005	0.000925	0.003323	0.003457	0.238640	0.216613	0.946641	-0.530453	0.845605	-0.059771	-0.813431	-0.487885	0.316698
42193	9.349148	-0.605922	3.108857	-0.000101	0.000274	0.004888	0.238631	0.216620	0.946642	-0.530459	0.845600	-0.059780	-0.813430	-0.487889	0.316694
42194	9.356849	-0.583146	3.109119	0.000146	-0.001490	0.003425	0.238613	0.216605	0.946650	-0.530463	0.845598	-0.059774	-0.813432	-0.487900	0.316672
42195	9.341802	-0.578786	3.127808	-0.002677	0.002289	0.003837	0.238626	0.216612	0.946645	-0.530446	0.845608	-0.059780	-0.813440	-0.487879	0.316686
42196	9.359358	-0.585246	3.143730	0.000665	0.001719	0.003446	0.238705	0.216477	0.946656	-0.530431	0.845629	-0.059623	-0.813427	-0.487903	0.316682
42197	9.333967	-0.602774	3.127705	-0.003703	-0.000760	0.005268	0.238686	0.216482	0.946660	-0.530409	0.845641	-0.059647	-0.813447	-0.487880	0.316667
42198	9.341632	-0.580145	3.128061	0.001577	0.001673	0.005430	0.238684	0.216500	0.946656	-0.530429	0.845628	-0.059656	-0.813434	-0.487895	0.316675
42199	9.344204	-0.581877	3.162551	0.000406	0.000114	0.003436	0.238681	0.216493	0.946658	-0.530435	0.845624	-0.059649	-0.813431	-0.487904	0.316670
42200	9.348872	-0.608816	3.109121	-0.001779	-0.001124	0.004346	0.238664	0.216489	0.946664	-0.530427	0.845629	-0.059657	-0.813441	-0.487898	0.316653
42201	9.356547	-0.586113	3.109471	0.000159	0.001879	0.004899	0.238668	0.216504	0.946659	-0.530435	0.845623	-0.059665	-0.813435	-0.487901	0.316664
42202	9.316122	-0.598814	3.112168	-0.001013	0.000320	0.002905	0.238669	0.216493	0.946661	-0.530429	0.845628	-0.059658	-0.813439	-0.487898	0.316659
42203	9.359072	-0.588071	3.144055	0.002590	0.001353	0.002525	0.238681	0.216485	0.946660	-0.530451	0.845615	-0.059635	-0.813421	-0.487923	0.316667
42204	9.323734	-0.576338	3.112672	-0.002531	0.000800	0.007262	0.238665	0.216514	0.946658	-0.530444	0.845617	-0.059673	-0.813430	-0.487907	0.316668
42205	9.374019	-0.593888	3.125394	-0.002039	-0.002728	0.004336	0.238634	0.216502	0.946668	-0.530432	0.845624	-0.059683	-0.813446	-0.487901	0.316634
42206	9.356353	-0.588179	3.109666	0.003762	0.002912	0.004519	0.238649	0.216519	0.946661	-0.530470	0.845601	-0.059675	-0.813418	-0.487933	0.316658
42207	9.341232	-0.583803	3.128576	-0.004094	0.002496	0.003306	0.238666	0.216523	0.946655	-0.530439	0.845619	-0.059682	-0.813433	-0.487899	0.316673
42208	9.358799	-0.590348	3.144441	-0.001519	0.000480	0.004357	0.238662	0.216526	0.946656	-0.530432	0.845623	-0.059689	-0.813438	-0.487891	0.316671
42209	9.338500	-0.583351	3.094334	-0.001519	0.000480	0.004357	0.238658	0.216529	0.946656	-0.530425	0.845627	-0.059697	-0.813444	-0.487883	0.316668
42210	9.366017	-0.619094	3.125516	0.001823	-0.000091	0.003967	0.238652	0.216527	0.946658	-0.530445	0.845615	-0.059691	-0.813433	-0.487904	0.316663
42211	9.326051	-0.580726	3.147425	-0.000101	0.000275	0.004888	0.238643	0.216533	0.946659	-0.530451	0.845611	-0.059699	-0.813432	-0.487909	0.316659
42212	9.350889	-0.615105	3.144369	-0.001909	0.003734	0.002396	0.238675	0.216536	0.946650	-0.530435	0.845622	-0.059690	-0.813433	-0.487890	0.316687
42213	9.348650	-0.562983	3.129382	-0.002691	-0.001078	0.002363	0.238668	0.216515	0.946657	-0.530414	0.845635	-0.059683	-0.813449	-0.487875	0.316669
42214	9.350799	-0.615782	3.144503	0.001578	0.001673	0.005430	0.238666	0.216532	0.946653	-0.530430	0.845625	-0.059693	-0.813439	-0.487886	0.316676
42215	9.348193	-0.614900	3.109966	0.000535	-0.004744	0.005387	0.238613	0.216518	0.946670	-0.530442	0.845616	-0.059705	-0.813446	-0.487907	0.316625
42216	9.333165	-0.610610	3.128578	-0.002415	0.003895	0.003848	0.238638	0.216533	0.946660	-0.530424	0.845627	-0.059712	-0.813451	-0.487882	0.316654
42217	9.373447	-0.598757	3.126179	-0.001519	0.000481	0.004357	0.238634	0.216537	0.946660	-0.530417	0.845631	-0.059720	-0.813456	-0.487874	0.316651
42218	9.340768	-0.588278	3.129124	-0.001013	0.000320	0.002905	0.238635	0.216526	0.946662	-0.530411	0.845635	-0.059712	-0.813460	-0.487871	0.316646
42219	9.330834	-0.559394	3.113735	-0.001519	0.000481	0.004357	0.238631	0.216529	0.946663	-0.530404	0.845639	-0.059720	-0.813466	-0.487863	0.316643
42220	9.347964	-0.617091	3.110219	-0.003443	0.000847	0.005279	0.238625	0.216542	0.946661	-0.530385	0.845649	-0.059742	-0.813480	-0.487839	0.316644
42221	9.333291	-0.561722	3.148446	0.001188	0.004927	0.003469	0.238662	0.216560	0.946648	-0.530398	0.845642	-0.059733	-0.813461	-0.487844	0.316685
42222	9.350351	-0.619342	3.145135	-0.000607	0.000435	0.006341	0.238646	0.216579	0.946648	-0.530403	0.845637	-0.059756	-0.813462	-0.487844	0.316682
42223	9.355447	-0.595368	3.111020	-0.001780	-0.001123	0.004347	0.238629	0.216574	0.946653	-0.530394	0.845642	-0.059765	-0.813473	-0.487837	0.316664
42224	9.337760	-0.589633	3.095377	0.000927	0.003323	0.003458	0.238651	0.216583	0.946645	-0.530402	0.845637	-0.059758	-0.813461	-0.487841	0.316688
42225	9.350657	-0.569496	3.164674	-0.001013	0.000321	0.002905	0.238653	0.216573	0.946647	-0.530396	0.845642	-0.059750	-0.813465	-0.487838	0.316684
42226	9.357872	-0.597780	3.145797	-0.001258	0.002085	0.004369	0.238662	0.216584	0.946642	-0.530392	0.845644	-0.059757	-0.813465	-0.487830	0.316698
42227	9.340184	-0.592041	3.130158	-0.001013	0.000321	0.002905	0.238664	0.216575	0.946644	-0.530386	0.845648	-0.059750	-0.813468	-0.487826	0.316694
42228	9.314764	-0.609379	3.114181	0.000666	0.001719	0.003447	0.238674	0.216576	0.946641	-0.530390	0.845646	-0.059744	-0.813462	-0.487830	0.316704
42229	9.332787	-0.564735	3.149400	0.000666	0.001719	0.003447	0.238685	0.216577	0.946638	-0.530399	0.845641	-0.059736	-0.813454	-0.487838	0.316714
42230	9.339979	-0.593023	3.130582	0.001578	0.001673	0.005431	0.238684	0.216595	0.946634	-0.530420	0.845627	-0.059744	-0.813440	-0.487854	0.316724
42231	9.345034	-0.568814	3.096672	-0.000245	0.001765	0.001464	0.238705	0.216580	0.946632	-0.530417	0.845631	-0.059720	-0.813436	-0.487854	0.316734
42232	9.332102	-0.616851	3.130525	-0.002025	0.000642	0.005810	0.238695	0.216596	0.946631	-0.530408	0.845635	-0.059744	-0.813445	-0.487840	0.316733
42233	9.354812	-0.598991	3.112234	-0.000101	0.000275	0.004889	0.238686	0.216603	0.946632	-0.530414	0.845630	-0.059752	-0.813444	-0.487845	0.316729
42234	9.327335	-0.591287	3.184051	-0.001258	0.002086	0.004369	0.238693	0.216614	0.946628	-0.530405	0.845635	-0.059762	-0.813447	-0.487831	0.316740
42235	9.337032	-0.593772	3.096781	-0.001258	0.002086	0.004369	0.238701	0.216625	0.946623	-0.530400	0.845638	-0.059769	-0.813448	-0.487822	0.316753
42236	9.364908	-0.578476	3.147509	0.000928	0.003323	0.003458	0.238725	0.216634	0.946615	-0.530412	0.845631	-0.059760	-0.813433	-0.487829	0.316778
42237	9.339483	-0.595804	3.131534	-0.002692	-0.001077	0.002363	0.238718	0.216613	0.946622	-0.530390	0.845645	-0.059753	-0.813449	-0.487815	0.316760
42238	9.346748	-0.624026	3.112488	0.003241	-0.000298	0.004498	0.238704	0.216612	0.946625	-0.530419	0.845627	-0.059749	-0.813434	-0.487846	0.316750
42239	9.339944	-0.545359	3.150806	-0.005266	0.000941	0.001312	0.238720	0.216592	0.946626	-0.530375	0.845656	-0.059740	-0.813459	-0.487805	0.316750
42240	9.331670	-0.619943	3.131201	0.001317	0.000069	0.005420	0.238707	0.216602	0.946627	-0.530390	0.845645	-0.059750	-0.813453	-0.487819	0.316745
42241	9.364775	-0.580085	3.147608	0.002329	-0.000253	0.002515	0.238706	0.216586	0.946631	-0.530410	0.845634	-0.059728	-0.813440	-0.487845	0.316738
42242	9.336733	-0.596123	3.097232	-0.003182	0.002453	0.005290	0.238712	0.216607	0.946625	-0.530394	0.845643	-0.059750	-0.813449	-0.487821	0.316752
42243	9.371885	-0.608821	3.128919	-0.000751	0.001925	0.002916	0.238727	0.216605	0.946621	-0.530390	0.845646	-0.059742	-0.813447	-0.487816	0.316764
42244	9.329295	-0.569108	3.116584	0.001072	0.001834	0.006884	0.238719	0.216636	0.946616	-0.530409	0.845633	-0.059766	-0.813437	-0.487826	0.316774
42245	9.348970	-0.628039	3.147515	-0.000506	0.000161	0.001453	0.238728	0.216613	0.946619	-0.530403	0.845638	-0.059743	-0.813438	-0.487828	0.316769
42246	9.354595	-0.552695	3.132780	-0.002430	0.000528	0.002374	0.238733	0.216599	0.946621	-0.530382	0.845652	-0.059736	-0.813450	-0.487810	0.316765
42247	9.305854	-0.639594	3.115909	-0.002920	0.004058	0.005301	0.238753	0.216628	0.946609	-0.530366	0.845660	-0.059757	-0.813455	-0.487782	0.316796
42248	9.374159	-0.612141	3.163931	-0.001274	-0.001283	0.002894	0.238741	0.216609	0.946617	-0.530356	0.845667	-0.059751	-0.813465	-0.487778	0.316775
42249	9.354397	-0.554042	3.133135	-0.001764	0.002247	0.005822	0.238743	0.216634	0.946611	-0.530350	0.845669	-0.059774	-0.813468	-0.487764	0.316789
42250	9.348674	-0.630068	3.147989	0.001823	-0.000092	0.003967	0.238735	0.216630	0.946614	-0.530370	0.845657	-0.059767	-0.813458	-0.487787	0.316782
42251	9.328884	-0.571812	3.117320	-0.000489	0.003530	0.002928	0.238763	0.216636	0.946605	-0.530368	0.845659	-0.059758	-0.813451	-0.487781	0.316808
42252	9.353667	-0.606224	3.114276	-0.004355	0.000896	0.003295	0.238766	0.216632	0.946605	-0.530332	0.845681	-0.059767	-0.813473	-0.487745	0.316807
42253	9.346354	-0.578685	3.133373	0.000667	0.001719	0.003448	0.238777	0.216633	0.946602	-0.530341	0.845676	-0.059760	-0.813465	-0.487752	0.316817
42254	9.353553	-0.606897	3.114487	-0.002430	0.000529	0.002374	0.238783	0.216619	0.946604	-0.530321	0.845689	-0.059751	-0.813475	-0.487736	0.316814
42255	9.371159	-0.613190	3.130238	0.004253	-0.000621	0.001594	0.238784	0.216594	0.946609	-0.530355	0.845670	-0.059715	-0.813453	-0.487780	0.316804
42256	9.328635	-0.573237	3.117801	-0.001257	0.002087	0.004369	0.238792	0.216605	0.946605	-0.530350	0.845673	-0.059723	-0.813454	-0.487771	0.316816
42257	9.353468	-0.607668	3.114591	0.000143	-0.001489	0.003425	0.238776	0.216590	0.946612	-0.530354	0.845670	-0.059716	-0.813456	-0.487781	0.316795
42258	9.336365	-0.550861	3.118102	-0.000102	0.000276	0.004889	0.238767	0.216596	0.946613	-0.530364	0.845664	-0.059723	-0.813452	-0.487789	0.316791
42259	9.338409	-0.603744	3.133216	-0.001519	0.000483	0.004358	0.238762	0.216600	0.946614	-0.530357	0.845668	-0.059731	-0.813458	-0.487781	0.316789
42260	9.346112	-0.581054	3.133656	0.000160	0.001880	0.004900	0.238767	0.216615	0.946609	-0.530362	0.845664	-0.059740	-0.813453	-0.487781	0.316801
42261	9.361078	-0.586133	3.115088	0.002329	-0.000253	0.002515	0.238767	0.216599	0.946612	-0.530382	0.845653	-0.059718	-0.813440	-0.487808	0.316794
42262	9.320612	-0.598586	3.117820	-0.001906	0.003737	0.002396	0.238798	0.216601	0.946604	-0.530367	0.845663	-0.059709	-0.813441	-0.487790	0.316821
42263	9.378583	-0.592954	3.131038	-0.001132	-0.002771	0.006319	0.238757	0.216605	0.946614	-0.530368	0.845660	-0.059735	-0.813452	-0.487792	0.316788
42264	9.345983	-0.582355	3.133801	0.001418	-0.000207	0.000531	0.238765	0.216572	0.946619	-0.530376	0.845658	-0.059697	-0.813444	-0.487811	0.316778
42265	9.345947	-0.582509	3.133878	0.000667	0.001719	0.003448	0.238776	0.216574	0.946616	-0.530385	0.845653	-0.059689	-0.813436	-0.487819	0.316789
42266	9.353144	-0.610650	3.114982	-0.000506	0.000161	0.001453	0.238784	0.216551	0.946619	-0.530379	0.845658	-0.059667	-0.813437	-0.487820	0.316784
42267	9.345870	-0.583114	3.133996	-0.002026	0.000644	0.005811	0.238773	0.216567	0.946618	-0.530372	0.845661	-0.059690	-0.813445	-0.487807	0.316782
42268	9.335460	-0.605261	3.099297	-0.001924	0.000368	0.000921	0.238786	0.216540	0.946621	-0.530352	0.845675	-0.059667	-0.813455	-0.487794	0.316778
42269	9.328183	-0.577803	3.118313	0.000303	0.000391	0.008326	0.238760	0.216576	0.946620	-0.530369	0.845662	-0.059707	-0.813451	-0.487802	0.316775
42270	9.370585	-0.618472	3.130918	0.002591	0.001351	0.002526	0.238771	0.216568	0.946618	-0.530392	0.845649	-0.059684	-0.813433	-0.487827	0.316783
42271	9.328097	-0.578566	3.118427	-0.004617	-0.000706	0.003284	0.238763	0.216557	0.946623	-0.530357	0.845670	-0.059692	-0.813458	-0.487796	0.316767
42272	9.345130	-0.636145	3.114892	0.000667	0.001719	0.003448	0.238771	0.216557	0.946621	-0.530364	0.845667	-0.059686	-0.813451	-0.487802	0.316774
42273	9.320767	-0.551481	3.137549	-0.000608	0.000437	0.006342	0.238755	0.216577	0.946621	-0.530369	0.845662	-0.059709	-0.813452	-0.487802	0.316772
42274	9.352811	-0.613844	3.115352	-0.000506	0.000161	0.001453	0.238765	0.216554	0.946623	-0.530362	0.845667	-0.059687	-0.813454	-0.487802	0.316768
42275	9.337746	-0.609366	3.134103	-0.001257	0.002088	0.004369	0.238774	0.216566	0.946618	-0.530358	0.845670	-0.059694	-0.813454	-0.487793	0.316781
42276	9.342883	-0.585388	3.100074	-0.000870	-0.001167	0.006331	0.238745	0.216577	0.946623	-0.530363	0.845665	-0.059718	-0.813459	-0.487797	0.316763
42277	9.348038	-0.588589	3.168913	-0.002168	0.002134	0.002385	0.238765	0.216572	0.946619	-0.530346	0.845676	-0.059709	-0.813465	-0.487780	0.316775
42278	9.335562	-0.558225	3.119197	0.000405	0.000115	0.003437	0.238761	0.216565	0.946622	-0.530351	0.845674	-0.059703	-0.813463	-0.487787	0.316769
42279	9.352589	-0.615735	3.115648	-0.002430	0.000530	0.002374	0.238768	0.216552	0.946623	-0.530332	0.845686	-0.059695	-0.813473	-0.487771	0.316767
42280	9.360324	-0.592903	3.116074	0.003502	0.001304	0.004511	0.238769	0.216560	0.946621	-0.530367	0.845664	-0.059687	-0.813449	-0.487805	0.316775
42281	9.330242	-0.583721	3.153475	-0.004354	0.000899	0.003295	0.238774	0.216556	0.946621	-0.530335	0.845684	-0.059694	-0.813469	-0.487772	0.316775
42282	9.342622	-0.587503	3.100459	0.000405	0.000115	0.003437	0.238771	0.216549	0.946623	-0.530342	0.845680	-0.059687	-0.813465	-0.487783	0.316769
42283	9.352412	-0.617180	3.115892	-0.000102	0.000276	0.004889	0.238762	0.216556	0.946624	-0.530348	0.845675	-0.059695	-0.813464	-0.487787	0.316765
42284	9.335320	-0.560274	3.119554	0.001174	0.001558	0.001995	0.238778	0.216544	0.946622	-0.530359	0.845670	-0.059672	-0.813452	-0.487802	0.316774
42285	9.337333	-0.612936	3.134639	0.000142	-0.001489	0.003425	0.238763	0.216530	0.946629	-0.530364	0.845668	-0.059666	-0.813453	-0.487812	0.316754
42286	9.332713	-0.559671	3.085046	-0.002795	-0.000797	0.007252	0.238731	0.216551	0.946633	-0.530351	0.845673	-0.059706	-0.813471	-0.487794	0.316736
42287	9.345032	-0.590783	3.135060	-0.002553	0.005389	0.000424	0.238787	0.216545	0.946620	-0.530326	0.845691	-0.059681	-0.813471	-0.487766	0.316779
42288	9.342358	-0.589699	3.100839	-0.000365	-0.001328	0.004878	0.238765	0.216543	0.946626	-0.530329	0.845688	-0.059690	-0.813475	-0.487772	0.316759
42289	9.329929	-0.586756	3.153840	-0.000102	0.000276	0.004890	0.238756	0.216550	0.946627	-0.530335	0.845683	-0.059698	-0.813474	-0.487776	0.316756
42290	9.334494	-0.613675	3.100550	-0.000750	0.001927	0.002917	0.238771	0.216548	0.946623	-0.530333	0.845686	-0.059689	-0.813471	-0.487773	0.316767
42291	9.344823	-0.592294	3.135397	-0.001519	0.000484	0.004358	0.238766	0.216551	0.946624	-0.530326	0.845690	-0.059697	-0.813477	-0.487765	0.316765
42292	9.327204	-0.586591	3.119600	-0.000365	-0.001328	0.004878	0.238744	0.216549	0.946630	-0.530330	0.845686	-0.059706	-0.813481	-0.487772	0.316745
42293	9.377394	-0.604089	3.132473	0.000668	0.001719	0.003448	0.238754	0.216551	0.946627	-0.530339	0.845681	-0.059699	-0.813472	-0.487780	0.316755
42294	9.352509	-0.570458	3.135822	-0.003443	0.000854	0.005280	0.238747	0.216563	0.946626	-0.530318	0.845693	-0.059722	-0.813488	-0.487754	0.316754
42295	9.319198	-0.610922	3.119653	0.000283	0.004973	0.001487	0.238794	0.216564	0.946614	-0.530318	0.845694	-0.059697	-0.813474	-0.487751	0.316795
42296	9.334715	-0.564725	3.120561	0.001417	-0.000208	0.000531	0.238803	0.216530	0.946619	-0.530324	0.845693	-0.059660	-0.813468	-0.487768	0.316785
42297	9.359512	-0.599041	3.117337	-0.001519	0.000484	0.004358	0.238798	0.216534	0.946620	-0.530317	0.845697	-0.059668	-0.813473	-0.487760	0.316782
42298	9.349664	-0.570275	3.101962	-0.000608	0.000438	0.006342	0.238782	0.216553	0.946619	-0.530327	0.845689	-0.059690	-0.813472	-0.487765	0.316779
42299	9.361992	-0.601410	3.151882	-0.000750	0.001927	0.002917	0.238797	0.216551	0.946616	-0.530323	0.845692	-0.059682	-0.813470	-0.487761	0.316790
42300	9.321518	-0.613962	3.154537	-0.000102	0.000277	0.004890	0.238786	0.216557	0.946617	-0.530329	0.845688	-0.059691	-0.813469	-0.487766	0.316785
42301	9.367141	-0.577665	3.117865	0.000141	-0.001489	0.003425	0.238771	0.216543	0.946624	-0.530334	0.845685	-0.059684	-0.813471	-0.487776	0.316765
42302	9.333949	-0.618145	3.101304	-0.001782	-0.001119	0.004347	0.238752	0.216537	0.946631	-0.530321	0.845693	-0.059695	-0.813485	-0.487766	0.316745
42303	9.352158	-0.573728	3.136272	-0.001782	-0.001119	0.004347	0.238734	0.216532	0.946636	-0.530312	0.845698	-0.059703	-0.813496	-0.487759	0.316727
42304	9.326692	-0.591060	3.120284	-0.000486	0.003531	0.002929	0.238761	0.216538	0.946628	-0.530311	0.845699	-0.059694	-0.813488	-0.487755	0.316752
42305	9.374240	-0.607117	3.098904	0.001822	-0.000093	0.003968	0.238754	0.216535	0.946630	-0.530330	0.845687	-0.059688	-0.813478	-0.487776	0.316746
42306	9.319367	-0.563745	3.139528	-0.000749	0.001927	0.002917	0.238768	0.216532	0.946628	-0.530324	0.845692	-0.059681	-0.813478	-0.487770	0.316756
42307	9.336282	-0.621262	3.136130	-0.002167	0.002136	0.002386	0.238787	0.216527	0.946624	-0.530307	0.845703	-0.059672	-0.813483	-0.487753	0.316769
42308	9.344638	-0.547459	3.155911	-0.000102	0.000277	0.004890	0.238778	0.216533	0.946625	-0.530316	0.845697	-0.059679	-0.813481	-0.487760	0.316765
42309	9.351161	-0.626962	3.117694	-0.000345	0.002042	0.006354	0.238775	0.216561	0.946619	-0.530323	0.845691	-0.059703	-0.813476	-0.487758	0.316777
42310	9.351706	-0.576364	3.137140	-0.002430	0.000532	0.002374	0.238782	0.216548	0.946621	-0.530307	0.845702	-0.059694	-0.813485	-0.487746	0.316775
42311	9.349108	-0.575359	3.102698	-0.001783	-0.001119	0.004347	0.238764	0.216543	0.946626	-0.530298	0.845707	-0.059702	-0.813496	-0.487739	0.316757
42312	9.353620	-0.629486	3.152251	0.004273	0.002744	0.003070	0.238785	0.216546	0.946620	-0.530336	0.845684	-0.059679	-0.813465	-0.487777	0.316779
42313	9.341793	-0.548050	3.121931	-0.001519	0.000485	0.004358	0.238780	0.216549	0.946620	-0.530329	0.845688	-0.059687	-0.813471	-0.487769	0.316776
42314	9.326124	-0.594758	3.121281	-0.001519	0.000485	0.004358	0.238776	0.216553	0.946621	-0.530326	0.845690	-0.059694	-0.813475	-0.487764	0.316774
42315	9.333857	-0.572005	3.121801	0.000932	0.003323	0.003460	0.238799	0.216562	0.946613	-0.530336	0.845684	-0.059686	-0.813461	-0.487770	0.316799
42316	9.366359	-0.583357	3.119155	0.000162	0.001881	0.004902	0.238803	0.216577	0.946608	-0.530346	0.845677	-0.059693	-0.813453	-0.487775	0.316812
42317	9.366325	-0.583737	3.119185	-0.002694	-0.001072	0.002362	0.238797	0.216556	0.946615	-0.530325	0.845691	-0.059686	-0.813469	-0.487761	0.316793
42318	9.348728	-0.577861	3.103379	0.000404	0.000115	0.003437	0.238795	0.216550	0.946617	-0.530335	0.845685	-0.059677	-0.813463	-0.487774	0.316789
42319	9.335633	-0.625953	3.137128	-0.003443	0.000856	0.005280	0.238789	0.216563	0.946615	-0.530315	0.845696	-0.059700	-0.813478	-0.487749	0.316789
42320	9.326434	-0.545894	3.141154	0.001681	0.001395	0.000543	0.238813	0.216538	0.946615	-0.530326	0.845692	-0.059661	-0.813463	-0.487767	0.316798
42321	9.350545	-0.631277	3.118669	-0.001519	0.000486	0.004358	0.238808	0.216541	0.946615	-0.530319	0.845696	-0.059669	-0.813469	-0.487759	0.316795
42322	9.351130	-0.580762	3.138043	-0.000608	0.000439	0.006343	0.238795	0.216562	0.946614	-0.530328	0.845689	-0.059691	-0.813467	-0.487762	0.316795
42323	9.340685	-0.602956	3.103326	-0.001013	0.000324	0.002906	0.238797	0.216552	0.946616	-0.530322	0.845693	-0.059684	-0.813471	-0.487759	0.316791
42324	9.336015	-0.576648	3.156873	0.004273	0.002743	0.003071	0.238817	0.216556	0.946610	-0.530357	0.845672	-0.059662	-0.813442	-0.487793	0.316813
42325	9.348372	-0.580365	3.103984	-0.001519	0.000486	0.004358	0.238813	0.216559	0.946610	-0.530351	0.845676	-0.059670	-0.813447	-0.487785	0.316810
42326	9.358127	-0.610141	3.119344	0.001051	-0.001536	0.005410	0.238787	0.216561	0.946616	-0.530370	0.845663	-0.059678	-0.813443	-0.487806	0.316790
42327	9.333322	-0.576330	3.122604	-0.003077	0.002184	0.000401	0.238817	0.216539	0.946614	-0.530341	0.845683	-0.059654	-0.813453	-0.487781	0.316803
42328	9.363289	-0.586231	3.085417	-0.000102	0.000277	0.004890	0.238808	0.216546	0.946614	-0.530346	0.845679	-0.059663	-0.813452	-0.487785	0.316799
42329	9.335798	-0.578315	3.157212	-0.001660	0.001975	0.000933	0.238833	0.216527	0.946612	-0.530330	0.845691	-0.059639	-0.813455	-0.487773	0.316810
42330	9.357905	-0.611412	3.119761	-0.001762	0.002252	0.005823	0.238833	0.216551	0.946607	-0.530325	0.845693	-0.059662	-0.813459	-0.487760	0.316821
42331	9.350633	-0.583937	3.138936	0.000668	0.001719	0.003449	0.238843	0.216552	0.946604	-0.530333	0.845688	-0.059654	-0.813450	-0.487768	0.316831
42332	9.307542	-0.595050	3.107245	0.000162	0.001881	0.004902	0.238847	0.216567	0.946600	-0.530340	0.845683	-0.059663	-0.813444	-0.487770	0.316843
42333	9.350468	-0.584687	3.139289	-0.002166	0.002137	0.002386	0.238866	0.216562	0.946596	-0.530323	0.845694	-0.059654	-0.813449	-0.487753	0.316855
42334	9.335370	-0.580252	3.158121	-0.001255	0.002090	0.004370	0.238873	0.216572	0.946592	-0.530316	0.845698	-0.059663	-0.813452	-0.487741	0.316866
42335	9.327497	-0.603828	3.157809	-0.001784	-0.001118	0.004347	0.238856	0.216567	0.946597	-0.530307	0.845703	-0.059671	-0.813463	-0.487735	0.316848
42336	9.358142	-0.562773	3.139886	0.000669	0.001719	0.003449	0.238867	0.216570	0.946594	-0.530318	0.845697	-0.059663	-0.813453	-0.487744	0.316860
42337	9.314417	-0.624923	3.088781	-0.001519	0.000486	0.004359	0.238863	0.216573	0.946594	-0.530311	0.845701	-0.059671	-0.813459	-0.487736	0.316857
42338	9.367808	-0.592855	3.155415	0.001821	-0.000094	0.003969	0.238854	0.216570	0.946597	-0.530329	0.845690	-0.059665	-0.813449	-0.487757	0.316850
42339	9.307202	-0.597764	3.107742	-0.003201	-0.000908	0.003815	0.238842	0.216562	0.946602	-0.530307	0.845703	-0.059674	-0.813467	-0.487738	0.316833
42340	9.365206	-0.592305	3.120928	-0.001519	0.000487	0.004359	0.238836	0.216564	0.946603	-0.530302	0.845705	-0.059681	-0.813472	-0.487732	0.316829
42341	9.350825	-0.536914	3.158942	0.001315	0.000068	0.005422	0.238822	0.216574	0.946604	-0.530321	0.845693	-0.059690	-0.813464	-0.487749	0.316824
42342	9.316830	-0.628451	3.123243	-0.001255	0.002091	0.004370	0.238830	0.216585	0.946600	-0.530314	0.845697	-0.059698	-0.813466	-0.487737	0.316836
