// General information: 
//  MT Manager version: 2019.2.0 
//  XDA version: 2019.2.0 build 3853 rev 94535 built on 2019-09-09
// Device information: 
//  DeviceId: 00B44058
//  ProductCode: MTW2-3A7G6
//  Firmware Version: 4.3.5
//  Hardware Version: 1.1.0
// Device settings: 
//  Filter Profile: human(46.1)
//  Option Flags: Orientation Smoother Disabled, AHS Disabled, ICC Disabled
// Coordinate system: ENU
PacketCounter	Acc_X	Acc_Y	Acc_Z	Gyr_X	Gyr_Y	Gyr_Z	Mat[1][1]	Mat[2][1]	Mat[3][1]	Mat[1][2]	Mat[2][2]	Mat[3][2]	Mat[1][3]	Mat[2][3]	Mat[3][3]
42075	9.439543	-0.272544	2.588703	-0.002237	0.002956	0.005851	-0.207948	-0.166971	0.963783	0.542809	-0.839379	-0.028300	0.813705	0.517265	0.265181
42076	9.398407	-0.263014	2.588891	-0.002983	0.003941	0.007801	-0.207950	-0.166992	0.963779	0.542805	-0.839381	-0.028319	0.813707	0.517256	0.265193
42077	9.379943	-0.278942	2.584541	-0.000420	0.003274	0.002541	-0.207975	-0.166965	0.963779	0.542811	-0.839379	-0.028280	0.813697	0.517268	0.265200
42078	9.445269	-0.249873	2.613274	-0.004795	0.000405	0.004854	-0.207965	-0.166943	0.963785	0.542786	-0.839395	-0.028275	0.813716	0.517249	0.265179
42079	9.379817	-0.279995	2.584884	-0.001493	0.003579	0.007029	-0.207968	-0.166956	0.963782	0.542792	-0.839391	-0.028282	0.813711	0.517251	0.265189
42080	9.439109	-0.275457	2.589976	-0.002980	0.002332	0.004672	-0.207976	-0.166942	0.963782	0.542781	-0.839398	-0.028269	0.813716	0.517244	0.265188
42081	9.389967	-0.297896	2.599830	-0.001819	0.001290	0.006438	-0.207964	-0.166938	0.963786	0.542783	-0.839397	-0.028272	0.813718	0.517247	0.265175
42082	9.397951	-0.266421	2.590200	-0.002236	0.002955	0.005851	-0.207967	-0.166937	0.963785	0.542781	-0.839398	-0.028269	0.813719	0.517245	0.265177
42083	9.410217	-0.275964	2.571407	-0.002236	0.002955	0.005851	-0.207972	-0.166936	0.963784	0.542778	-0.839400	-0.028267	0.813719	0.517243	0.265181
42084	9.414078	-0.260148	2.628977	-0.002564	0.002274	0.008389	-0.207956	-0.166953	0.963785	0.542779	-0.839399	-0.028290	0.813723	0.517239	0.265177
42085	9.407998	-0.285170	2.605416	-0.005212	0.002070	0.004266	-0.207963	-0.166934	0.963787	0.542749	-0.839419	-0.028280	0.813741	0.517213	0.265171
42086	9.409944	-0.277977	2.572190	0.000323	0.005504	0.006848	-0.207981	-0.166955	0.963779	0.542770	-0.839405	-0.028281	0.813723	0.517228	0.265199
42087	9.420141	-0.295283	2.587003	-0.000330	0.000927	0.005666	-0.207971	-0.166943	0.963783	0.542783	-0.839397	-0.028272	0.813717	0.517245	0.265183
42088	9.409768	-0.279187	2.572701	-0.001492	0.003577	0.007029	-0.207976	-0.166954	0.963780	0.542789	-0.839393	-0.028277	0.813711	0.517248	0.265194
42089	9.409651	-0.279763	2.573066	-0.001163	0.004257	0.004491	-0.207999	-0.166949	0.963776	0.542792	-0.839392	-0.028259	0.813703	0.517252	0.265211
42090	9.432199	-0.305960	2.568833	-0.004468	0.002693	0.005444	-0.208004	-0.166944	0.963776	0.542771	-0.839405	-0.028258	0.813716	0.517232	0.265212
42091	9.427843	-0.265617	2.578275	-0.003307	0.001650	0.007210	-0.207991	-0.166948	0.963778	0.542762	-0.839410	-0.028272	0.813725	0.517222	0.265203
42092	9.413320	-0.265240	2.631183	-0.000748	0.004199	0.008208	-0.207988	-0.166972	0.963775	0.542777	-0.839400	-0.028290	0.813716	0.517231	0.265214
42093	9.407250	-0.290267	2.607554	-0.004378	-0.001261	0.005440	-0.207961	-0.166946	0.963785	0.542756	-0.839414	-0.028289	0.813737	0.517217	0.265176
42094	9.409248	-0.283114	2.574173	0.000325	0.005502	0.006849	-0.207978	-0.166967	0.963778	0.542778	-0.839400	-0.028291	0.813718	0.517233	0.265203
42095	9.407058	-0.291475	2.608112	-0.002978	0.002331	0.004672	-0.207984	-0.166954	0.963779	0.542767	-0.839407	-0.028279	0.813724	0.517225	0.265200
42096	9.404779	-0.243212	2.584031	-0.002234	0.002953	0.005851	-0.207988	-0.166955	0.963777	0.542766	-0.839408	-0.028278	0.813723	0.517224	0.265204
42097	9.406901	-0.292668	2.608546	-0.001818	0.001287	0.006438	-0.207977	-0.166950	0.963781	0.542768	-0.839406	-0.028280	0.813725	0.517228	0.265192
42098	9.414905	-0.261301	2.598976	-0.002979	0.003937	0.007801	-0.207978	-0.166972	0.963777	0.542764	-0.839408	-0.028299	0.813727	0.517218	0.265204
42099	9.425071	-0.278796	2.613819	-0.003722	0.003314	0.006622	-0.207981	-0.166979	0.963775	0.542751	-0.839416	-0.028309	0.813735	0.517202	0.265211
42100	9.408671	-0.286919	2.575862	-0.001905	0.003634	0.003313	-0.208004	-0.166963	0.963773	0.542748	-0.839419	-0.028283	0.813731	0.517203	0.265221
42101	9.404326	-0.246431	2.585375	-0.001074	0.001909	0.007617	-0.207990	-0.166972	0.963774	0.542759	-0.839412	-0.028295	0.813728	0.517212	0.265215
42102	9.408492	-0.288194	2.576373	-0.001490	0.003574	0.007029	-0.207994	-0.166984	0.963771	0.542765	-0.839408	-0.028301	0.813723	0.517215	0.265225
42103	9.402017	-0.255609	2.619627	0.000327	0.005499	0.006849	-0.208015	-0.167005	0.963763	0.542785	-0.839395	-0.028301	0.813704	0.517229	0.265254
42104	9.449262	-0.299827	2.577256	-0.004050	0.001026	0.006031	-0.208001	-0.166994	0.963768	0.542768	-0.839406	-0.028305	0.813719	0.517215	0.265236
42105	9.397923	-0.273376	2.562737	-0.002977	0.002330	0.004672	-0.208007	-0.166981	0.963769	0.542757	-0.839413	-0.028293	0.813725	0.517207	0.265234
42106	9.426491	-0.275309	2.582197	-0.002233	0.002951	0.005851	-0.208014	-0.166981	0.963767	0.542756	-0.839414	-0.028291	0.813724	0.517206	0.265240
42107	9.414071	-0.266951	2.601422	-0.002561	0.000664	0.005259	-0.208003	-0.166964	0.963773	0.542749	-0.839418	-0.028284	0.813731	0.517204	0.265221
42108	9.424291	-0.284351	2.616032	-0.003306	0.001648	0.007209	-0.207993	-0.166965	0.963775	0.542740	-0.839424	-0.028294	0.813740	0.517194	0.265213
42109	9.426311	-0.277190	2.582656	-0.000744	0.002589	0.005079	-0.207999	-0.166956	0.963775	0.542747	-0.839420	-0.028280	0.813733	0.517204	0.265214
42110	9.395492	-0.284111	2.597232	-0.002977	0.002329	0.004672	-0.208005	-0.166940	0.963776	0.542736	-0.839428	-0.028266	0.813740	0.517196	0.265209
42111	9.426160	-0.278215	2.583094	-0.002977	0.002329	0.004672	-0.208011	-0.166926	0.963777	0.542724	-0.839435	-0.028255	0.813745	0.517188	0.265207
42112	9.395325	-0.285235	2.597713	-0.001488	0.003572	0.007030	-0.208015	-0.166939	0.963774	0.542731	-0.839431	-0.028261	0.813740	0.517192	0.265217
42113	9.444367	-0.264202	2.588319	-0.003305	0.001647	0.007209	-0.208002	-0.166943	0.963777	0.542722	-0.839436	-0.028275	0.813749	0.517182	0.265208
42114	9.413536	-0.271344	2.602905	-0.001488	0.003571	0.007030	-0.208007	-0.166955	0.963773	0.542729	-0.839432	-0.028280	0.813744	0.517185	0.265219
42115	9.397145	-0.279553	2.564921	-0.002232	0.002950	0.005851	-0.208012	-0.166954	0.963772	0.542726	-0.839434	-0.028278	0.813744	0.517182	0.265223
42116	9.425694	-0.281544	2.584433	0.000001	0.003209	0.006258	-0.208015	-0.166959	0.963771	0.542744	-0.839422	-0.028275	0.813731	0.517199	0.265229
42117	9.402991	-0.256396	2.589256	-0.000744	0.002588	0.005079	-0.208021	-0.166951	0.963771	0.542752	-0.839417	-0.028261	0.813724	0.517210	0.265230
42118	9.435796	-0.299354	2.599378	-0.000329	0.000922	0.005666	-0.208010	-0.166938	0.963776	0.542766	-0.839409	-0.028253	0.813718	0.517228	0.265213
42119	9.413117	-0.274301	2.604107	-0.005952	0.003053	0.006214	-0.208013	-0.166941	0.963774	0.542733	-0.839429	-0.028264	0.813739	0.517193	0.265217
42120	9.427462	-0.276272	2.551826	-0.002231	0.004553	0.008980	-0.208013	-0.166976	0.963768	0.542739	-0.839425	-0.028292	0.813735	0.517190	0.265236
42121	9.373989	-0.257726	2.571063	-0.002231	0.002949	0.005851	-0.208018	-0.166976	0.963767	0.542736	-0.839427	-0.028290	0.813736	0.517187	0.265239
42122	9.461922	-0.254797	2.595487	-0.001487	0.003570	0.007030	-0.208021	-0.166987	0.963765	0.542743	-0.839422	-0.028296	0.813731	0.517190	0.265249
42123	9.384030	-0.275770	2.586188	0.000001	0.003207	0.006258	-0.208026	-0.166991	0.963763	0.542759	-0.839412	-0.028292	0.813719	0.517206	0.265255
42124	9.433096	-0.311380	2.634583	-0.002890	-0.000021	0.007796	-0.207997	-0.166992	0.963769	0.542756	-0.839413	-0.028309	0.813728	0.517203	0.265231
42125	9.394161	-0.293870	2.600958	-0.000743	0.002586	0.005079	-0.208003	-0.166983	0.963769	0.542764	-0.839409	-0.028295	0.813721	0.517214	0.265232
42126	9.414560	-0.271315	2.572463	-0.004133	0.004976	0.006035	-0.208023	-0.166995	0.963763	0.542748	-0.839419	-0.028300	0.813727	0.517193	0.265255
42127	9.424671	-0.288757	2.587367	-0.001486	0.003569	0.007030	-0.208027	-0.167008	0.963760	0.542753	-0.839415	-0.028307	0.813722	0.517195	0.265265
42128	9.424614	-0.289466	2.587497	-0.003634	-0.000642	0.006617	-0.207999	-0.166997	0.963768	0.542742	-0.839422	-0.028317	0.813736	0.517188	0.265235
42129	9.412209	-0.281178	2.606656	-0.002230	0.002948	0.005851	-0.208004	-0.166996	0.963767	0.542740	-0.839424	-0.028314	0.813737	0.517185	0.265239
42130	9.424498	-0.290885	2.587758	-0.002145	0.000599	0.008975	-0.207974	-0.167008	0.963771	0.542744	-0.839420	-0.028339	0.813742	0.517187	0.265220
42131	9.403984	-0.258145	2.558826	-0.001815	0.001282	0.006438	-0.207963	-0.167003	0.963775	0.542746	-0.839419	-0.028342	0.813744	0.517191	0.265208
42132	9.389462	-0.257594	2.611551	-0.000328	0.000919	0.005667	-0.207954	-0.166990	0.963779	0.542758	-0.839411	-0.028331	0.813738	0.517207	0.265194
42133	9.442754	-0.277576	2.592802	-0.001071	0.001902	0.007617	-0.207941	-0.166999	0.963780	0.542769	-0.839404	-0.028342	0.813734	0.517216	0.265188
42134	9.399567	-0.275626	2.626382	-0.002974	0.002327	0.004671	-0.207947	-0.166984	0.963781	0.542758	-0.839411	-0.028329	0.813739	0.517209	0.265185
42135	9.413938	-0.277370	2.574092	-0.004130	0.004975	0.006035	-0.207968	-0.166995	0.963775	0.542740	-0.839423	-0.028334	0.813746	0.517187	0.265208
42136	9.401474	-0.269011	2.593484	-0.002973	0.002327	0.004671	-0.207976	-0.166980	0.963776	0.542729	-0.839430	-0.028320	0.813751	0.517179	0.265207
42137	9.403532	-0.261832	2.560113	-0.001070	0.001901	0.007617	-0.207963	-0.166989	0.963777	0.542739	-0.839423	-0.028331	0.813748	0.517188	0.265201
42138	9.432085	-0.263950	2.579577	-0.002228	0.002947	0.005851	-0.207970	-0.166989	0.963776	0.542737	-0.839425	-0.028327	0.813747	0.517186	0.265206
42139	9.423786	-0.296624	2.589699	-0.002642	0.004612	0.005264	-0.207992	-0.166992	0.963770	0.542730	-0.839430	-0.028320	0.813747	0.517177	0.265226
42140	9.405273	-0.312599	2.585264	-0.001070	0.001900	0.007617	-0.207977	-0.167004	0.963771	0.542744	-0.839420	-0.028335	0.813741	0.517188	0.265221
42141	9.429644	-0.273613	2.614065	-0.003386	0.003992	0.004084	-0.208000	-0.166995	0.963768	0.542728	-0.839431	-0.028319	0.813746	0.517174	0.265234
42142	9.441916	-0.283313	2.595231	-0.003631	0.000958	0.009745	-0.207965	-0.167014	0.963772	0.542722	-0.839434	-0.028357	0.813759	0.517163	0.265215
42143	9.413248	-0.282657	2.576040	-0.004791	0.000403	0.004850	-0.207955	-0.166991	0.963778	0.542696	-0.839450	-0.028351	0.813778	0.517143	0.265194
42144	9.413165	-0.283219	2.576281	-0.000409	0.004869	0.005672	-0.207977	-0.167000	0.963772	0.542710	-0.839442	-0.028343	0.813764	0.517154	0.265217
42145	9.402809	-0.266992	2.562232	-0.000408	0.004869	0.005672	-0.207999	-0.167008	0.963766	0.542722	-0.839435	-0.028334	0.813750	0.517163	0.265240
42146	9.425251	-0.293230	2.558093	-0.003385	0.003992	0.004084	-0.208022	-0.167000	0.963762	0.542708	-0.839444	-0.028319	0.813754	0.517151	0.265255
42147	9.431228	-0.269522	2.582132	-0.001814	0.001279	0.006437	-0.208010	-0.166996	0.963766	0.542710	-0.839443	-0.028321	0.813755	0.517154	0.265243
42148	9.400411	-0.276652	2.596529	-0.002144	0.000595	0.008974	-0.207977	-0.167011	0.963770	0.542716	-0.839438	-0.028350	0.813760	0.517158	0.265223
42149	9.400370	-0.277258	2.596614	-0.002230	0.001344	0.002721	-0.207986	-0.166976	0.963774	0.542707	-0.839445	-0.028317	0.813763	0.517158	0.265211
42150	9.425043	-0.295728	2.558571	-0.000656	0.000232	0.008203	-0.207956	-0.166981	0.963780	0.542723	-0.839434	-0.028333	0.813760	0.517174	0.265190
42151	9.390041	-0.261763	2.582417	-0.004127	0.004973	0.006035	-0.207977	-0.166993	0.963773	0.542706	-0.839445	-0.028338	0.813767	0.517152	0.265213
42152	9.453461	-0.298575	2.578424	-0.002227	0.002944	0.005851	-0.207979	-0.166993	0.963773	0.542704	-0.839446	-0.028336	0.813767	0.517150	0.265215
42153	9.406101	-0.255525	2.621358	-0.002226	0.002944	0.005851	-0.207984	-0.166992	0.963772	0.542702	-0.839447	-0.028334	0.813767	0.517148	0.265219
42154	9.399942	-0.280397	2.597826	-0.002226	0.002944	0.005851	-0.207987	-0.166988	0.963772	0.542698	-0.839450	-0.028331	0.813769	0.517145	0.265219
42155	9.420416	-0.257929	2.569315	-0.001481	0.003563	0.007030	-0.207990	-0.167001	0.963769	0.542704	-0.839446	-0.028338	0.813764	0.517148	0.265229
42156	9.399738	-0.281818	2.598410	-0.000323	0.002515	0.008796	-0.207976	-0.167021	0.963769	0.542723	-0.839433	-0.028357	0.813755	0.517162	0.265228
42157	9.418126	-0.267249	2.603212	-0.004378	-0.001264	0.005436	-0.207949	-0.166995	0.963779	0.542702	-0.839447	-0.028356	0.813776	0.517148	0.265190
42158	9.395560	-0.241963	2.607773	0.000003	0.001600	0.003130	-0.207956	-0.166965	0.963783	0.542713	-0.839441	-0.028322	0.813767	0.517167	0.265181
42159	9.430347	-0.277249	2.584531	-0.002635	0.006209	0.008394	-0.207974	-0.167003	0.963772	0.542712	-0.839440	-0.028346	0.813763	0.517156	0.265216
42160	9.399485	-0.284438	2.599040	-0.002476	-0.001693	0.008381	-0.207929	-0.166999	0.963783	0.542713	-0.839439	-0.028367	0.813774	0.517159	0.265176
42161	9.407705	-0.253109	2.589262	-0.001813	0.001277	0.006437	-0.207917	-0.166995	0.963786	0.542715	-0.839438	-0.028369	0.813776	0.517163	0.265164
42162	9.442547	-0.288469	2.565786	0.000419	0.001533	0.006846	-0.207902	-0.166990	0.963790	0.542734	-0.839425	-0.028367	0.813767	0.517184	0.265149
42163	9.389152	-0.269674	2.584833	-0.004457	0.002687	0.005442	-0.207907	-0.166985	0.963790	0.542713	-0.839439	-0.028367	0.813780	0.517163	0.265150
42164	9.423941	-0.305111	2.561527	-0.002966	0.003924	0.007801	-0.207906	-0.167006	0.963786	0.542710	-0.839440	-0.028387	0.813782	0.517154	0.265161
42165	9.376603	-0.262098	2.604459	-0.005202	0.002068	0.004262	-0.207913	-0.166988	0.963788	0.542680	-0.839460	-0.028377	0.813800	0.517128	0.265156
42166	9.419615	-0.265436	2.571483	-0.002632	0.006208	0.008394	-0.207929	-0.167026	0.963778	0.542680	-0.839459	-0.028401	0.813796	0.517118	0.265190
42167	9.429683	-0.282806	2.586350	0.000004	0.001599	0.003130	-0.207938	-0.166995	0.963781	0.542690	-0.839454	-0.028366	0.813787	0.517136	0.265181
42168	9.401032	-0.281849	2.567160	-0.002887	-0.000028	0.007794	-0.207908	-0.166992	0.963788	0.542685	-0.839457	-0.028382	0.813798	0.517133	0.265153
42169	9.448035	-0.268853	2.591261	-0.001067	0.001893	0.007617	-0.207894	-0.167001	0.963790	0.542695	-0.839450	-0.028393	0.813795	0.517141	0.265147
42170	9.386365	-0.282084	2.620139	-0.001149	0.004246	0.004494	-0.207916	-0.166997	0.963786	0.542701	-0.839447	-0.028377	0.813786	0.517147	0.265164
42171	9.437670	-0.253268	2.577317	-0.003299	0.001638	0.007208	-0.207903	-0.167001	0.963788	0.542692	-0.839452	-0.028390	0.813795	0.517138	0.265155
42172	9.392490	-0.316568	2.577639	-0.002558	0.000657	0.005257	-0.207893	-0.166986	0.963793	0.542688	-0.839455	-0.028384	0.813800	0.517138	0.265138
42173	9.429313	-0.286662	2.587275	-0.001066	0.001893	0.007617	-0.207880	-0.166995	0.963794	0.542698	-0.839448	-0.028395	0.813796	0.517146	0.265132
42174	9.429197	-0.287354	2.587622	0.000343	0.005480	0.006853	-0.207899	-0.167015	0.963786	0.542719	-0.839434	-0.028395	0.813778	0.517162	0.265160
42175	9.394204	-0.253193	2.611590	-0.002969	0.002323	0.004671	-0.207905	-0.167001	0.963787	0.542708	-0.839442	-0.028384	0.813783	0.517154	0.265157
42176	9.435095	-0.264319	2.611995	-0.001066	0.001892	0.007617	-0.207893	-0.167011	0.963788	0.542720	-0.839433	-0.028396	0.813779	0.517164	0.265152
42177	9.416594	-0.280292	2.607377	-0.001812	0.001274	0.006437	-0.207881	-0.167007	0.963792	0.542722	-0.839432	-0.028398	0.813780	0.517168	0.265140
42178	9.416522	-0.280924	2.607570	-0.002223	0.002941	0.005851	-0.207887	-0.167007	0.963790	0.542720	-0.839433	-0.028395	0.813780	0.517166	0.265146
42179	9.410341	-0.305784	2.584006	-0.004455	0.002686	0.005441	-0.207892	-0.167002	0.963790	0.542699	-0.839447	-0.028394	0.813793	0.517145	0.265146
42180	9.424622	-0.250086	2.598346	-0.002222	0.002940	0.005851	-0.207897	-0.167000	0.963789	0.542696	-0.839449	-0.028391	0.813793	0.517142	0.265149
42181	9.430775	-0.283943	2.555789	0.000756	0.003812	0.007440	-0.207900	-0.167017	0.963786	0.542721	-0.839433	-0.028396	0.813776	0.517163	0.265162
42182	9.377447	-0.265024	2.574632	-0.000994	-0.003657	0.004480	-0.207856	-0.166969	0.963804	0.542726	-0.839430	-0.028377	0.813784	0.517183	0.265099
42183	9.406030	-0.267248	2.593924	-0.004449	0.004283	0.008571	-0.207857	-0.166998	0.963798	0.542711	-0.839439	-0.028407	0.813794	0.517159	0.265115
42184	9.446858	-0.278631	2.594517	-0.002962	0.003920	0.007801	-0.207860	-0.167019	0.963794	0.542707	-0.839441	-0.028425	0.813796	0.517149	0.265128
42185	9.389544	-0.276194	2.556276	-0.000735	0.002577	0.005080	-0.207866	-0.167010	0.963794	0.542715	-0.839436	-0.028411	0.813789	0.517160	0.265129
42186	9.418084	-0.278316	2.575725	-0.001811	0.001273	0.006437	-0.207855	-0.167005	0.963797	0.542718	-0.839435	-0.028412	0.813790	0.517164	0.265117
42187	9.428159	-0.295804	2.590449	-0.001475	0.003556	0.007031	-0.207859	-0.167018	0.963794	0.542724	-0.839430	-0.028419	0.813785	0.517167	0.265127
42188	9.387116	-0.286009	2.590466	-0.003297	0.001635	0.007207	-0.207846	-0.167020	0.963797	0.542715	-0.839436	-0.028431	0.813794	0.517158	0.265117
42189	9.409521	-0.312395	2.586200	0.001087	0.004497	0.004904	-0.207868	-0.167020	0.963792	0.542737	-0.839422	-0.028411	0.813773	0.517180	0.265137
42190	9.417725	-0.280922	2.576757	-0.003297	0.001635	0.007207	-0.207854	-0.167023	0.963794	0.542730	-0.839426	-0.028424	0.813782	0.517172	0.265127
42191	9.405338	-0.272742	2.595861	-0.005118	-0.000286	0.007383	-0.207825	-0.167019	0.963802	0.542707	-0.839440	-0.028444	0.813805	0.517150	0.265099
42192	9.396929	-0.305466	2.605887	0.001423	0.006780	0.005498	-0.207861	-0.167034	0.963791	0.542733	-0.839424	-0.028428	0.813778	0.517172	0.265138
42193	9.405104	-0.273894	2.596587	-0.002966	0.002322	0.004671	-0.207867	-0.167020	0.963792	0.542722	-0.839431	-0.028417	0.813784	0.517165	0.265135
42194	9.427506	-0.300297	2.592307	-0.001474	0.003555	0.007031	-0.207871	-0.167034	0.963789	0.542730	-0.839426	-0.028424	0.813778	0.517168	0.265146
42195	9.407116	-0.267314	2.563606	-0.002220	0.002938	0.005851	-0.207876	-0.167033	0.963788	0.542727	-0.839428	-0.028422	0.813778	0.517166	0.265150
42196	9.417197	-0.284717	2.578269	-0.002556	0.000655	0.005257	-0.207874	-0.166929	0.963807	0.542886	-0.839330	-0.028280	0.813672	0.517359	0.265098
42197	9.394650	-0.259448	2.582967	-0.000734	0.002575	0.005080	-0.207880	-0.166920	0.963807	0.542894	-0.839325	-0.028266	0.813666	0.517369	0.265099
42198	9.404683	-0.276978	2.597783	-0.004446	0.004280	0.008571	-0.207881	-0.166948	0.963802	0.542880	-0.839333	-0.028295	0.813675	0.517347	0.265114
42199	9.427059	-0.303479	2.593563	0.001499	0.002828	0.005491	-0.207887	-0.166944	0.963801	0.542907	-0.839316	-0.028279	0.813655	0.517376	0.265118
42200	9.406718	-0.270408	2.564739	-0.004042	0.001017	0.006027	-0.207874	-0.166932	0.963806	0.542890	-0.839327	-0.028282	0.813670	0.517362	0.265100
42201	9.422914	-0.263547	2.603205	-0.001480	0.001958	0.003900	-0.207881	-0.166910	0.963808	0.542890	-0.839329	-0.028259	0.813668	0.517367	0.265094
42202	9.398257	-0.303574	2.574829	-0.003705	0.003300	0.006621	-0.207883	-0.166917	0.963807	0.542877	-0.839336	-0.028268	0.813676	0.517353	0.265099
42203	9.422749	-0.264853	2.603669	-0.003295	0.001633	0.007207	-0.207870	-0.166921	0.963809	0.542869	-0.839341	-0.028281	0.813685	0.517343	0.265090
42204	9.416564	-0.289704	2.580027	-0.000733	0.002574	0.005081	-0.207874	-0.166914	0.963809	0.542880	-0.839334	-0.028269	0.813677	0.517356	0.265090
42205	9.406341	-0.273484	2.565797	-0.003705	0.003300	0.006621	-0.207878	-0.166922	0.963807	0.542867	-0.839343	-0.028278	0.813684	0.517341	0.265097
42206	9.432595	-0.283744	2.618978	-0.004444	0.004278	0.008571	-0.207878	-0.166948	0.963802	0.542851	-0.839352	-0.028306	0.813695	0.517317	0.265111
42207	9.412254	-0.250817	2.590217	-0.000323	0.000906	0.005667	-0.207868	-0.166935	0.963807	0.542864	-0.839344	-0.028296	0.813689	0.517334	0.265096
42208	9.416204	-0.292498	2.581023	0.001169	0.002138	0.008027	-0.207855	-0.166948	0.963807	0.542894	-0.839324	-0.028305	0.813672	0.517362	0.265093
42209	9.409876	-0.260002	2.624193	0.000760	0.003804	0.007441	-0.207858	-0.166965	0.963804	0.542919	-0.839308	-0.028310	0.813655	0.517383	0.265106
42210	9.434473	-0.278559	2.586395	-0.000732	0.002573	0.005081	-0.207861	-0.166954	0.963805	0.542927	-0.839303	-0.028296	0.813648	0.517394	0.265103
42211	9.405821	-0.277541	2.567268	-0.004041	0.001016	0.006026	-0.207850	-0.166945	0.963809	0.542910	-0.839314	-0.028300	0.813663	0.517380	0.265087
42212	9.436557	-0.272037	2.553233	-0.002957	0.003914	0.007801	-0.207851	-0.166966	0.963805	0.542907	-0.839315	-0.028318	0.813664	0.517371	0.265100
42213	9.411791	-0.254878	2.591505	-0.002885	-0.000036	0.007792	-0.207821	-0.166966	0.963812	0.542903	-0.839317	-0.028336	0.813675	0.517368	0.265074
42214	9.434143	-0.281285	2.587304	-0.001958	0.007573	0.003323	-0.207878	-0.166966	0.963799	0.542897	-0.839322	-0.028307	0.813664	0.517360	0.265122
42215	9.434026	-0.281863	2.587668	-0.000653	0.000216	0.008203	-0.207848	-0.166971	0.963805	0.542912	-0.839312	-0.028323	0.813662	0.517375	0.265100
42216	9.390778	-0.279803	2.621177	-0.004858	0.004350	0.004854	-0.207869	-0.166967	0.963801	0.542886	-0.839329	-0.028316	0.813674	0.517348	0.265115
42217	9.403037	-0.289406	2.602384	-0.001808	0.001268	0.006436	-0.207857	-0.166962	0.963804	0.542888	-0.839328	-0.028318	0.813676	0.517352	0.265102
42218	9.436001	-0.275914	2.554870	-0.000393	0.004854	0.005675	-0.207879	-0.166972	0.963798	0.542902	-0.839319	-0.028309	0.813661	0.517363	0.265126
42219	9.402812	-0.290625	2.603061	-0.001470	0.003550	0.007031	-0.207883	-0.166984	0.963795	0.542908	-0.839315	-0.028316	0.813656	0.517366	0.265136
42220	9.421228	-0.276105	2.608002	-0.001400	-0.000400	0.007022	-0.207857	-0.166974	0.963803	0.542914	-0.839311	-0.028320	0.813659	0.517375	0.265109
42221	9.423413	-0.268958	2.574586	-0.003702	0.003298	0.006620	-0.207860	-0.166981	0.963801	0.542901	-0.839319	-0.028328	0.813666	0.517360	0.265115
42222	9.421082	-0.277432	2.608387	-0.002963	0.002319	0.004670	-0.207867	-0.166966	0.963802	0.542890	-0.839326	-0.028315	0.813672	0.517353	0.265113
42223	9.404730	-0.285368	2.570404	0.000354	0.005468	0.006856	-0.207887	-0.166987	0.963794	0.542911	-0.839313	-0.028315	0.813653	0.517368	0.265142
42224	9.420832	-0.278508	2.609176	-0.001886	0.003623	0.003314	-0.207910	-0.166971	0.963792	0.542908	-0.839316	-0.028289	0.813649	0.517368	0.265152
42225	9.402226	-0.294240	2.604770	-0.004110	0.004964	0.006034	-0.207931	-0.166982	0.963785	0.542890	-0.839327	-0.028293	0.813655	0.517347	0.265175
42226	9.422855	-0.271824	2.576328	0.000424	0.001518	0.006847	-0.207920	-0.166983	0.963787	0.542912	-0.839313	-0.028293	0.813643	0.517370	0.265166
42227	9.426728	-0.313595	2.567230	-0.002954	0.003911	0.007800	-0.207922	-0.167003	0.963783	0.542908	-0.839315	-0.028311	0.813646	0.517359	0.265179
42228	9.373364	-0.294820	2.586235	0.000094	0.000828	0.009383	-0.207890	-0.167021	0.963787	0.542932	-0.839298	-0.028336	0.813638	0.517381	0.265162
42229	9.434943	-0.282937	2.558009	-0.003040	0.004676	0.001548	-0.207932	-0.166993	0.963783	0.542914	-0.839311	-0.028294	0.813639	0.517368	0.265183
42230	9.391643	-0.280624	2.591674	-0.001469	0.003547	0.007031	-0.207938	-0.167004	0.963780	0.542920	-0.839307	-0.028299	0.813634	0.517371	0.265193
42231	9.420125	-0.282981	2.611247	0.001171	0.002131	0.008028	-0.207924	-0.167017	0.963780	0.542950	-0.839288	-0.028308	0.813617	0.517399	0.265190
42232	9.409944	-0.266851	2.597000	-0.003700	0.003296	0.006620	-0.207930	-0.167028	0.963777	0.542940	-0.839294	-0.028318	0.813622	0.517385	0.265201
42233	9.419934	-0.284368	2.611784	-0.002215	0.002933	0.005850	-0.207935	-0.167028	0.963776	0.542937	-0.839296	-0.028316	0.813623	0.517383	0.265204
42234	9.422094	-0.277162	2.578541	-0.001468	0.003547	0.007031	-0.207934	-0.167041	0.963774	0.542945	-0.839290	-0.028325	0.813618	0.517387	0.265211
42235	9.368721	-0.258173	2.597618	-0.002215	0.002932	0.005850	-0.207939	-0.167040	0.963773	0.542943	-0.839292	-0.028323	0.813618	0.517385	0.265215
42236	9.440400	-0.263179	2.583892	-0.002962	0.002318	0.004669	-0.207947	-0.167025	0.963774	0.542932	-0.839299	-0.028309	0.813623	0.517377	0.265213
42237	9.413388	-0.311020	2.589116	-0.001875	0.005213	0.006445	-0.207967	-0.167041	0.963767	0.542934	-0.839298	-0.028311	0.813617	0.517374	0.265239
42238	9.409292	-0.270616	2.598973	0.000358	0.005464	0.006857	-0.207989	-0.167062	0.963759	0.542955	-0.839284	-0.028310	0.813597	0.517390	0.265269
42239	9.396843	-0.262209	2.618315	-0.000322	0.000901	0.005667	-0.207979	-0.167049	0.963763	0.542968	-0.839277	-0.028300	0.813591	0.517406	0.265254
42240	9.390603	-0.286997	2.594742	-0.001874	0.005213	0.006445	-0.207998	-0.167063	0.963757	0.542969	-0.839276	-0.028301	0.813586	0.517403	0.265278
42241	9.462242	-0.292095	2.581167	-0.002214	0.002932	0.005850	-0.208003	-0.167062	0.963756	0.542967	-0.839277	-0.028298	0.813586	0.517401	0.265281
42242	9.390392	-0.288358	2.595354	-0.002545	0.002241	0.008386	-0.207991	-0.167078	0.963756	0.542966	-0.839277	-0.028319	0.813589	0.517397	0.265279
42243	9.421129	-0.282873	2.581444	-0.002621	0.004599	0.005264	-0.208012	-0.167081	0.963751	0.542960	-0.839281	-0.028312	0.813588	0.517388	0.265299
42244	9.402535	-0.298547	2.576928	-0.001476	0.001954	0.003900	-0.208019	-0.167060	0.963752	0.542961	-0.839281	-0.028289	0.813586	0.517395	0.265294
42245	9.398535	-0.258181	2.586496	-0.004030	0.002604	0.009155	-0.208004	-0.167085	0.963752	0.542950	-0.839287	-0.028323	0.813596	0.517378	0.265294
42246	9.418545	-0.292712	2.615870	0.000359	0.005462	0.006857	-0.208023	-0.167105	0.963744	0.542971	-0.839274	-0.028323	0.813578	0.517393	0.265321
42247	9.379807	-0.274631	2.582380	0.000009	0.001590	0.003131	-0.208032	-0.167074	0.963747	0.542981	-0.839268	-0.028288	0.813569	0.517412	0.265313
42248	9.418369	-0.293639	2.616397	-0.004445	0.002681	0.005438	-0.208034	-0.167069	0.963748	0.542961	-0.839281	-0.028289	0.813582	0.517392	0.265311
42249	9.379633	-0.275797	2.582888	-0.000719	0.004157	0.008212	-0.208036	-0.167095	0.963743	0.542976	-0.839271	-0.028305	0.813571	0.517401	0.265327
42250	9.418129	-0.295038	2.617104	-0.004852	0.004348	0.004852	-0.208057	-0.167095	0.963738	0.542952	-0.839286	-0.028302	0.813582	0.517376	0.265344
42251	9.407958	-0.278764	2.602936	-0.002213	0.002930	0.005850	-0.208061	-0.167095	0.963737	0.542950	-0.839288	-0.028300	0.813582	0.517373	0.265347
42252	9.426395	-0.264159	2.607939	-0.000322	0.000899	0.005667	-0.208049	-0.167081	0.963742	0.542963	-0.839280	-0.028291	0.813576	0.517391	0.265330
42253	9.410053	-0.272145	2.569981	-0.003015	0.007854	0.007810	-0.208083	-0.167122	0.963728	0.542959	-0.839282	-0.028309	0.813571	0.517374	0.265381
42254	9.407632	-0.280817	2.603894	-0.000653	0.000207	0.008202	-0.208054	-0.167128	0.963733	0.542975	-0.839271	-0.028325	0.813567	0.517390	0.265360
42255	9.397527	-0.264596	2.589508	-0.002960	0.002316	0.004669	-0.208060	-0.167115	0.963734	0.542964	-0.839278	-0.028313	0.813573	0.517382	0.265358
42256	9.407479	-0.282123	2.604307	-0.000717	0.004155	0.008212	-0.208062	-0.167142	0.963729	0.542981	-0.839267	-0.028330	0.813561	0.517392	0.265375
42257	9.429777	-0.308655	2.600067	-0.002959	0.002316	0.004669	-0.208069	-0.167128	0.963730	0.542970	-0.839274	-0.028318	0.813567	0.517384	0.265372
42258	9.409614	-0.275488	2.571229	-0.001806	0.001261	0.006435	-0.208055	-0.167124	0.963734	0.542974	-0.839272	-0.028322	0.813568	0.517390	0.265359
42259	9.384844	-0.258111	2.609498	-0.002212	0.002929	0.005850	-0.208060	-0.167124	0.963733	0.542971	-0.839274	-0.028319	0.813568	0.517387	0.265362
42260	9.400985	-0.308649	2.581390	-0.001880	0.003620	0.003314	-0.208080	-0.167102	0.963732	0.542966	-0.839278	-0.028290	0.813567	0.517387	0.265368
42261	9.427887	-0.261998	2.576748	0.001579	0.000455	0.008614	-0.208050	-0.167112	0.963737	0.543000	-0.839255	-0.028304	0.813551	0.517420	0.265349
42262	9.396987	-0.268947	2.591019	-0.007755	0.001127	0.006380	-0.208039	-0.167110	0.963740	0.542957	-0.839283	-0.028323	0.813583	0.517376	0.265337
42263	9.437830	-0.280430	2.591458	0.001174	0.002122	0.008029	-0.208026	-0.167123	0.963740	0.542986	-0.839263	-0.028332	0.813567	0.517404	0.265334
42264	9.409181	-0.279426	2.572390	-0.001463	0.003540	0.007031	-0.208027	-0.167136	0.963738	0.542994	-0.839258	-0.028340	0.813561	0.517408	0.265343
42265	9.416831	-0.304861	2.620647	-0.001805	0.001260	0.006435	-0.208016	-0.167132	0.963741	0.542996	-0.839257	-0.028342	0.813563	0.517412	0.265330
42266	9.427529	-0.265492	2.577702	-0.001132	0.004232	0.004496	-0.208038	-0.167128	0.963737	0.543001	-0.839254	-0.028325	0.813554	0.517418	0.265347
42267	9.378044	-0.287337	2.587398	-0.002211	0.002928	0.005850	-0.208043	-0.167127	0.963736	0.542999	-0.839256	-0.028322	0.813554	0.517415	0.265351
42268	9.443549	-0.259428	2.616617	-0.003290	0.001624	0.007204	-0.208028	-0.167133	0.963738	0.542993	-0.839259	-0.028338	0.813562	0.517408	0.265342
42269	9.402592	-0.306664	2.549719	-0.000726	0.002564	0.005081	-0.208034	-0.167124	0.963738	0.543001	-0.839254	-0.028324	0.813555	0.517419	0.265342
42270	9.439513	-0.276934	2.559746	-0.004100	0.004959	0.006033	-0.208054	-0.167136	0.963732	0.542985	-0.839264	-0.028328	0.813560	0.517398	0.265365
42271	9.393889	-0.282562	2.626784	-0.000321	0.000896	0.005667	-0.208044	-0.167123	0.963736	0.542998	-0.839256	-0.028319	0.813555	0.517415	0.265349
42272	9.426999	-0.269156	2.579259	-0.001462	0.003539	0.007031	-0.208047	-0.167139	0.963733	0.543007	-0.839250	-0.028328	0.813548	0.517420	0.265361
42273	9.430786	-0.310839	2.570071	-0.002553	0.000647	0.005254	-0.208036	-0.167121	0.963738	0.543000	-0.839255	-0.028320	0.813555	0.517419	0.265342
42274	9.426894	-0.270339	2.579520	-0.000320	0.000895	0.005667	-0.208027	-0.167106	0.963743	0.543012	-0.839248	-0.028308	0.813549	0.517435	0.265327
42275	9.420656	-0.295075	2.555817	-0.002210	0.002927	0.005850	-0.208032	-0.167105	0.963742	0.543010	-0.839249	-0.028306	0.813550	0.517433	0.265330
42276	9.426738	-0.271523	2.579967	-0.002209	0.002927	0.005850	-0.208038	-0.167104	0.963741	0.543008	-0.839251	-0.028302	0.813550	0.517431	0.265334
42277	9.405793	-0.295218	2.608941	-0.003694	0.003290	0.006618	-0.208041	-0.167111	0.963739	0.542995	-0.839259	-0.028311	0.813557	0.517416	0.265341
42278	9.404182	-0.246899	2.585045	-0.002957	0.002315	0.004668	-0.208048	-0.167098	0.963740	0.542986	-0.839265	-0.028299	0.813562	0.517409	0.265339
42279	9.407997	-0.288512	2.575714	-0.002148	-0.001021	0.005839	-0.208020	-0.167077	0.963749	0.542984	-0.839266	-0.028296	0.813570	0.517414	0.265305
42280	9.414094	-0.265031	2.599818	-0.001118	0.005817	0.007627	-0.208040	-0.167107	0.963740	0.542995	-0.839259	-0.028308	0.813558	0.517417	0.265337
42281	9.403950	-0.248935	2.585695	-0.002540	0.002233	0.008385	-0.208025	-0.167124	0.963740	0.542995	-0.839258	-0.028331	0.813561	0.517413	0.265334
42282	9.407702	-0.290718	2.576544	-0.002209	0.002926	0.005850	-0.208029	-0.167124	0.963739	0.542994	-0.839259	-0.028329	0.813561	0.517412	0.265337
42283	9.426138	-0.276185	2.581663	-0.002208	0.002925	0.005850	-0.208034	-0.167123	0.963738	0.542992	-0.839260	-0.028326	0.813561	0.517409	0.265341
42284	9.417557	-0.308800	2.591486	-0.000320	0.000893	0.005667	-0.208022	-0.167109	0.963743	0.543005	-0.839252	-0.028316	0.813555	0.517427	0.265325
42285	9.425972	-0.277235	2.582157	-0.001532	0.005897	0.003911	-0.208062	-0.167108	0.963735	0.543004	-0.839253	-0.028293	0.813546	0.517425	0.265357
42286	9.415854	-0.261044	2.567974	-0.003620	0.000928	0.009739	-0.208027	-0.167131	0.963739	0.543000	-0.839254	-0.028334	0.813557	0.517416	0.265340
42287	9.397279	-0.276955	2.563202	-0.000320	0.000893	0.005667	-0.208016	-0.167118	0.963743	0.543013	-0.839246	-0.028325	0.813551	0.517433	0.265324
42288	9.431909	-0.255172	2.606724	-0.001864	0.005204	0.006446	-0.208038	-0.167136	0.963735	0.543017	-0.839244	-0.028327	0.813543	0.517431	0.265353
42289	9.394716	-0.286127	2.597408	-0.003692	0.003288	0.006618	-0.208042	-0.167144	0.963733	0.543004	-0.839252	-0.028336	0.813551	0.517416	0.265359
42290	9.396960	-0.278899	2.564160	-0.002207	0.002924	0.005850	-0.208049	-0.167146	0.963731	0.543004	-0.839252	-0.028334	0.813549	0.517415	0.265366
42291	9.423083	-0.289194	2.617235	-0.001804	0.001256	0.006435	-0.208037	-0.167141	0.963735	0.543006	-0.839251	-0.028336	0.813551	0.517419	0.265354
42292	9.394483	-0.288001	2.598043	-0.002955	0.002313	0.004668	-0.208047	-0.167130	0.963734	0.542997	-0.839257	-0.028324	0.813554	0.517412	0.265356
42293	9.415252	-0.265566	2.569717	-0.001863	0.005203	0.006446	-0.208067	-0.167146	0.963727	0.542999	-0.839256	-0.028326	0.813548	0.517409	0.265381
42294	9.415122	-0.266243	2.570123	-0.001459	0.003534	0.007031	-0.208069	-0.167159	0.963725	0.543006	-0.839251	-0.028333	0.813543	0.517413	0.265391
42295	9.412686	-0.274867	2.603890	-0.003287	0.001620	0.007203	-0.208056	-0.167163	0.963727	0.542998	-0.839255	-0.028347	0.813551	0.517404	0.265381
42296	9.396419	-0.282774	2.565720	0.000025	0.003170	0.006263	-0.208061	-0.167166	0.963725	0.543015	-0.839245	-0.028341	0.813539	0.517420	0.265388
42297	9.412509	-0.276142	2.604395	-0.002207	0.002923	0.005850	-0.208066	-0.167165	0.963724	0.543012	-0.839246	-0.028338	0.813539	0.517418	0.265391
42298	9.433306	-0.253789	2.576012	-0.003690	0.003287	0.006618	-0.208068	-0.167173	0.963722	0.543001	-0.839253	-0.028348	0.813546	0.517404	0.265397
42299	9.424666	-0.286432	2.585915	-0.000723	0.002559	0.005082	-0.208074	-0.167164	0.963723	0.543009	-0.839249	-0.028334	0.813539	0.517415	0.265397
42300	9.373743	-0.259347	2.571219	-0.000651	0.000197	0.008202	-0.208042	-0.167170	0.963729	0.543026	-0.839237	-0.028351	0.813537	0.517431	0.265374
42301	9.465423	-0.298648	2.586529	-0.003690	0.003287	0.006618	-0.208046	-0.167177	0.963727	0.543013	-0.839245	-0.028360	0.813544	0.517416	0.265381
42302	9.383555	-0.277596	2.586219	-0.001125	0.004227	0.004496	-0.208069	-0.167172	0.963722	0.543018	-0.839243	-0.028341	0.813535	0.517421	0.265398
42303	9.430512	-0.264857	2.610808	-0.001457	0.003533	0.007031	-0.208072	-0.167185	0.963720	0.543024	-0.839239	-0.028348	0.813530	0.517424	0.265407
42304	9.411871	-0.280571	2.606225	-0.000722	0.002558	0.005082	-0.208075	-0.167180	0.963720	0.543036	-0.839231	-0.028338	0.813521	0.517438	0.265408
42305	9.411779	-0.281179	2.606494	-0.003689	0.003286	0.006618	-0.208079	-0.167187	0.963718	0.543023	-0.839239	-0.028347	0.813529	0.517422	0.265414
42306	9.393145	-0.297022	2.601861	-0.001054	0.001864	0.007617	-0.208065	-0.167196	0.963719	0.543035	-0.839231	-0.028358	0.813525	0.517432	0.265408
42307	9.403999	-0.257767	2.558926	-0.002205	0.002922	0.005850	-0.208070	-0.167195	0.963718	0.543032	-0.839233	-0.028355	0.813525	0.517430	0.265411
42308	9.433823	-0.309231	2.602744	-0.000708	0.004141	0.008213	-0.208070	-0.167221	0.963714	0.543049	-0.839221	-0.028373	0.813514	0.517440	0.265426
42309	9.419984	-0.251808	2.597907	-0.002219	0.001338	0.002718	-0.208079	-0.167186	0.963718	0.543040	-0.839228	-0.028341	0.813517	0.517440	0.265414
42310	9.411334	-0.284346	2.607756	-0.001456	0.003531	0.007032	-0.208082	-0.167199	0.963715	0.543047	-0.839223	-0.028347	0.813512	0.517444	0.265424
42311	9.401212	-0.268200	2.593711	-0.002593	0.006173	0.008396	-0.208099	-0.167236	0.963705	0.543047	-0.839223	-0.028370	0.813507	0.517433	0.265459
42312	9.441957	-0.279846	2.594424	-0.001054	0.001862	0.007617	-0.208085	-0.167246	0.963706	0.543060	-0.839214	-0.028383	0.813502	0.517444	0.265453
42313	9.384841	-0.276831	2.555873	-0.002953	0.002312	0.004668	-0.208092	-0.167232	0.963707	0.543049	-0.839222	-0.028371	0.813508	0.517437	0.265450
42314	9.429446	-0.272062	2.613915	-0.001456	0.003530	0.007032	-0.208093	-0.167243	0.963705	0.543055	-0.839217	-0.028377	0.813504	0.517440	0.265457
42315	9.419356	-0.255767	2.599796	-0.002606	0.004589	0.005265	-0.208114	-0.167246	0.963700	0.543048	-0.839222	-0.028370	0.813503	0.517432	0.265477
42316	9.384533	-0.278547	2.556818	-0.001469	0.001947	0.003900	-0.208121	-0.167222	0.963702	0.543048	-0.839223	-0.028346	0.813501	0.517438	0.265470
42317	9.453862	-0.291828	2.576683	-0.005517	0.001371	0.006788	-0.208108	-0.167222	0.963705	0.543021	-0.839240	-0.028361	0.813523	0.517410	0.265457
42318	9.372010	-0.270928	2.576335	-0.002592	0.006171	0.008397	-0.208126	-0.167260	0.963695	0.543023	-0.839238	-0.028385	0.813517	0.517400	0.265494
42319	9.428942	-0.275064	2.615418	0.002981	0.000854	0.001596	-0.208137	-0.167213	0.963700	0.543054	-0.839220	-0.028327	0.813493	0.517445	0.265479
42320	9.394170	-0.297767	2.572248	-0.003285	0.001616	0.007202	-0.208123	-0.167215	0.963703	0.543045	-0.839225	-0.028339	0.813503	0.517436	0.265467
42321	9.431203	-0.268319	2.582231	-0.003687	0.003284	0.006617	-0.208126	-0.167222	0.963701	0.543032	-0.839233	-0.028348	0.813511	0.517421	0.265474
42322	9.410178	-0.292004	2.611079	-0.001802	0.001251	0.006434	-0.208112	-0.167219	0.963705	0.543036	-0.839231	-0.028352	0.813512	0.517426	0.265460
42323	9.408750	-0.243664	2.587176	0.000029	0.003164	0.006264	-0.208117	-0.167223	0.963703	0.543053	-0.839220	-0.028347	0.813499	0.517442	0.265467
42324	9.410015	-0.293177	2.611538	-0.002952	0.002311	0.004667	-0.208125	-0.167211	0.963704	0.543044	-0.839226	-0.028335	0.813503	0.517436	0.265467
42325	9.430873	-0.270780	2.583181	0.000778	0.003773	0.007446	-0.208128	-0.167228	0.963700	0.543069	-0.839210	-0.028340	0.813486	0.517457	0.265479
42326	9.412240	-0.286498	2.578487	-0.004782	0.000398	0.004838	-0.208117	-0.167207	0.963706	0.543046	-0.839225	-0.028336	0.813504	0.517439	0.265458
42327	9.412189	-0.287150	2.578600	0.001180	0.002104	0.008031	-0.208103	-0.167221	0.963707	0.543075	-0.839205	-0.028345	0.813488	0.517467	0.265455
42328	9.408356	-0.246749	2.588317	-0.004836	0.004343	0.004850	-0.208122	-0.167218	0.963703	0.543050	-0.839222	-0.028340	0.813500	0.517441	0.265468
42329	9.411993	-0.288475	2.579167	-0.003284	0.001615	0.007202	-0.208109	-0.167221	0.963705	0.543042	-0.839227	-0.028354	0.813509	0.517432	0.265459
42330	9.418145	-0.265001	2.603258	-0.002951	0.002310	0.004667	-0.208116	-0.167208	0.963706	0.543032	-0.839234	-0.028341	0.813513	0.517425	0.265457
42331	9.427998	-0.282552	2.618022	-0.001453	0.003527	0.007032	-0.208119	-0.167220	0.963703	0.543038	-0.839229	-0.028348	0.813508	0.517428	0.265467
42332	9.401790	-0.273546	2.565395	-0.000303	0.002466	0.008799	-0.208107	-0.167242	0.963702	0.543059	-0.839215	-0.028368	0.813498	0.517443	0.265469
42333	9.407936	-0.250119	2.589519	-0.005183	0.002066	0.004253	-0.208113	-0.167224	0.963704	0.543029	-0.839235	-0.028358	0.813516	0.517417	0.265463
42334	9.440052	-0.293628	2.599828	0.000379	0.005438	0.006862	-0.208134	-0.167245	0.963696	0.543051	-0.839221	-0.028358	0.813496	0.517434	0.265493
42335	9.407710	-0.251280	2.590227	-0.002951	0.002310	0.004667	-0.208140	-0.167232	0.963697	0.543040	-0.839228	-0.028346	0.813502	0.517426	0.265491
42336	9.442275	-0.286933	2.566845	-0.003284	0.001613	0.007202	-0.208127	-0.167235	0.963699	0.543033	-0.839233	-0.028359	0.813510	0.517418	0.265481
42337	9.379077	-0.250806	2.571159	-0.003283	0.001613	0.007202	-0.208114	-0.167239	0.963701	0.543024	-0.839237	-0.028372	0.813519	0.517409	0.265472
42338	9.439724	-0.296299	2.600714	-0.002201	0.002917	0.005850	-0.208118	-0.167236	0.963701	0.543022	-0.839239	-0.028368	0.813520	0.517407	0.265474
42339	9.382640	-0.293171	2.562126	-0.001800	0.001248	0.006434	-0.208106	-0.167231	0.963704	0.543024	-0.839238	-0.028370	0.813521	0.517410	0.265461
42340	9.417306	-0.271408	2.605632	-0.002617	0.003005	0.002133	-0.208133	-0.167198	0.963704	0.543010	-0.839248	-0.028330	0.813524	0.517405	0.265465
42341	9.445709	-0.273766	2.625340	0.000781	0.003768	0.007447	-0.208136	-0.167215	0.963701	0.543035	-0.839232	-0.028335	0.813506	0.517426	0.265478
42342	9.369999	-0.285865	2.582031	-0.004417	0.004253	0.008567	-0.208137	-0.167247	0.963695	0.543024	-0.839238	-0.028367	0.813513	0.517405	0.265496
