// General information: 
//  MT Manager version: 2019.2.0 
//  XDA version: 2019.2.0 build 3853 rev 94535 built on 2019-09-09
// Device information: 
//  DeviceId: 00B43F80
//  ProductCode: MTW2-3A7G6
//  Firmware Version: 4.3.5
//  Hardware Version: 1.1.0
// Device settings: 
//  Filter Profile: human(46.1)
//  Option Flags: Orientation Smoother Disabled, AHS Disabled, ICC Disabled
// Coordinate system: ENU
PacketCounter	Acc_X	Acc_Y	Acc_Z	Gyr_X	Gyr_Y	Gyr_Z	Mat[1][1]	Mat[2][1]	Mat[3][1]	Mat[1][2]	Mat[2][2]	Mat[3][2]	Mat[1][3]	Mat[2][3]	Mat[3][3]
42075	9.472203	-1.144022	2.181426	0.004394	0.000230	0.006278	0.195247	0.155955	0.968275	-0.227287	0.967594	-0.110014	-0.954054	-0.198597	0.224366
42076	9.495491	-1.056196	2.180759	0.004663	-0.002402	0.006159	0.195234	0.155957	0.968277	-0.227298	0.967591	-0.110017	-0.954054	-0.198608	0.224355
42077	9.462158	-1.095182	2.161053	-0.001631	-0.001455	0.003217	0.195233	0.155933	0.968281	-0.227246	0.967604	-0.110005	-0.954067	-0.198561	0.224344
42078	9.490642	-1.035298	2.206812	0.008286	-0.003169	0.006797	0.195208	0.155941	0.968285	-0.227296	0.967593	-0.110006	-0.954060	-0.198613	0.224326
42079	9.495606	-1.098297	2.168858	0.001243	0.004978	0.009006	0.195255	0.155986	0.968268	-0.227282	0.967591	-0.110044	-0.954054	-0.198583	0.224380
42080	9.500427	-1.086112	2.227295	0.004603	-0.001705	0.001366	0.195258	0.155943	0.968275	-0.227287	0.967595	-0.110000	-0.954052	-0.198598	0.224374
42081	9.480939	-1.068052	2.163474	0.004633	-0.002053	0.003763	0.195250	0.155923	0.968280	-0.227295	0.967596	-0.109979	-0.954052	-0.198612	0.224363
42082	9.476294	-1.087353	2.178157	0.004394	0.000232	0.006279	0.195257	0.155932	0.968277	-0.227309	0.967592	-0.109984	-0.954047	-0.198623	0.224374
42083	9.480848	-1.068841	2.163482	0.005344	-0.000357	0.004612	0.195264	0.155924	0.968277	-0.227326	0.967589	-0.109970	-0.954041	-0.198641	0.224381
42084	9.504898	-1.068503	2.212540	0.003413	0.001169	0.005551	0.195281	0.155929	0.968273	-0.227327	0.967589	-0.109972	-0.954038	-0.198639	0.224398
42085	9.476388	-1.129056	2.166488	0.002230	-0.004506	0.001339	0.195255	0.155881	0.968285	-0.227308	0.967598	-0.109933	-0.954047	-0.198634	0.224361
42086	9.500007	-1.047498	2.238851	0.001243	0.004980	0.009006	0.195306	0.155925	0.968268	-0.227291	0.967598	-0.109971	-0.954041	-0.198601	0.224418
42087	9.452181	-1.096481	2.202419	0.006324	-0.001293	0.005342	0.195302	0.155922	0.968269	-0.227319	0.967592	-0.109962	-0.954035	-0.198631	0.224416
42088	9.514154	-1.072972	2.171423	0.001991	-0.002221	0.003856	0.195293	0.155903	0.968274	-0.227299	0.967598	-0.109950	-0.954042	-0.198615	0.224402
42089	9.475947	-1.090253	2.178217	0.001751	0.000064	0.006372	0.195299	0.155913	0.968271	-0.227285	0.967600	-0.109961	-0.954044	-0.198599	0.224408
42090	9.480615	-1.037477	2.248095	0.003682	-0.001462	0.005433	0.195296	0.155910	0.968272	-0.227284	0.967601	-0.109959	-0.954045	-0.198598	0.224405
42091	9.504590	-1.071635	2.212349	0.002732	-0.000872	0.007102	0.195292	0.155925	0.968271	-0.227281	0.967599	-0.109976	-0.954046	-0.198592	0.224403
42092	9.504550	-1.072193	2.212250	0.001040	-0.001631	0.005525	0.195286	0.155922	0.968273	-0.227255	0.967605	-0.109980	-0.954054	-0.198567	0.224393
42093	9.456606	-1.080246	2.187198	0.006294	-0.000946	0.002945	0.195290	0.155896	0.968276	-0.227278	0.967603	-0.109948	-0.954047	-0.198596	0.224395
42094	9.480309	-1.073726	2.163429	0.001244	0.004983	0.009007	0.195339	0.155941	0.968259	-0.227263	0.967602	-0.109987	-0.954041	-0.198565	0.224450
42095	9.489982	-1.083319	2.195348	0.007542	-0.004515	0.003557	0.195308	0.155914	0.968269	-0.227299	0.967597	-0.109958	-0.954039	-0.198611	0.224419
42096	9.494607	-1.064767	2.180440	0.005374	-0.000702	0.007012	0.195304	0.155928	0.968268	-0.227327	0.967590	-0.109966	-0.954033	-0.198636	0.224421
42097	9.466104	-1.091231	2.219182	0.001751	0.000066	0.006373	0.195310	0.155938	0.968265	-0.227313	0.967592	-0.109978	-0.954035	-0.198619	0.224428
42098	9.441782	-1.051633	2.181788	0.005582	-0.002641	0.002098	0.195305	0.155899	0.968272	-0.227321	0.967594	-0.109939	-0.954034	-0.198637	0.224415
42099	9.504252	-1.075025	2.212155	0.004393	0.000235	0.006283	0.195313	0.155909	0.968269	-0.227332	0.967591	-0.109943	-0.954030	-0.198645	0.224427
42100	9.480079	-1.076234	2.163188	0.000060	-0.000692	0.004796	0.195313	0.155901	0.968270	-0.227306	0.967597	-0.109943	-0.954036	-0.198620	0.224421
42101	9.475246	-1.054791	2.189532	0.006294	-0.000945	0.002946	0.195317	0.155876	0.968274	-0.227329	0.967596	-0.109911	-0.954030	-0.198649	0.224423
42102	9.470554	-1.074118	2.204330	-0.000179	0.001594	0.007313	0.195335	0.155899	0.968266	-0.227297	0.967600	-0.109937	-0.954034	-0.198610	0.224441
42103	9.460752	-1.065610	2.172446	0.008283	-0.003164	0.006805	0.195309	0.155906	0.968270	-0.227346	0.967588	-0.109938	-0.954027	-0.198661	0.224424
42104	9.508642	-1.058387	2.197355	0.000772	0.001004	0.005645	0.195327	0.155910	0.968266	-0.227322	0.967593	-0.109944	-0.954029	-0.198633	0.224439
42105	9.475173	-1.097416	2.177986	0.003414	0.001173	0.005554	0.195346	0.155914	0.968262	-0.227322	0.967593	-0.109944	-0.954025	-0.198631	0.224458
42106	9.489332	-1.047447	2.206712	0.002019	-0.002564	0.006257	0.195323	0.155917	0.968266	-0.227319	0.967593	-0.109953	-0.954031	-0.198629	0.224436
42107	9.470460	-1.117255	2.192591	0.005343	-0.000354	0.004616	0.195329	0.155909	0.968266	-0.227336	0.967591	-0.109939	-0.954026	-0.198648	0.224442
42108	9.494054	-1.070107	2.180231	-0.000891	-0.000100	0.006466	0.195329	0.155920	0.968264	-0.227305	0.967596	-0.109958	-0.954033	-0.198613	0.224441
42109	9.484592	-1.067695	2.221254	0.008253	-0.002818	0.004408	0.195312	0.155905	0.968270	-0.227350	0.967588	-0.109936	-0.954026	-0.198664	0.224427
42110	9.470163	-1.077979	2.204125	-0.000178	0.001597	0.007314	0.195329	0.155928	0.968263	-0.227320	0.967592	-0.109962	-0.954030	-0.198626	0.224444
42111	9.493921	-1.071627	2.180064	0.005640	-0.003331	0.006898	0.195302	0.155936	0.968267	-0.227344	0.967585	-0.109970	-0.954029	-0.198652	0.224422
42112	9.431911	-1.095764	2.210770	0.004631	-0.002049	0.003769	0.195289	0.155916	0.968273	-0.227359	0.967584	-0.109949	-0.954028	-0.198674	0.224408
42113	9.493731	-1.031722	2.191502	0.003414	0.001174	0.005555	0.195308	0.155920	0.968268	-0.227360	0.967584	-0.109949	-0.954024	-0.198671	0.224427
42114	9.484543	-1.110616	2.209377	0.003681	-0.001458	0.005438	0.195303	0.155918	0.968270	-0.227361	0.967584	-0.109948	-0.954025	-0.198674	0.224422
42115	9.479263	-1.042395	2.174353	0.002701	-0.000521	0.004708	0.195308	0.155911	0.968270	-0.227354	0.967586	-0.109941	-0.954026	-0.198667	0.224424
42116	9.484456	-1.111494	2.209306	0.005373	-0.000697	0.007017	0.195305	0.155928	0.968268	-0.227373	0.967580	-0.109955	-0.954022	-0.198683	0.224427
42117	9.469735	-1.040637	2.215366	0.001068	-0.001969	0.007928	0.195289	0.155949	0.968268	-0.227355	0.967581	-0.109983	-0.954029	-0.198662	0.224413
42118	9.479227	-1.084837	2.162623	0.002464	0.001767	0.007225	0.195306	0.155973	0.968260	-0.227353	0.967579	-0.110004	-0.954026	-0.198652	0.224435
42119	9.479508	-1.091449	2.235525	0.007539	-0.004513	0.003563	0.195275	0.155946	0.968271	-0.227389	0.967574	-0.109975	-0.954024	-0.198698	0.224404
42120	9.498538	-1.063108	2.237726	0.001751	0.000072	0.006377	0.195280	0.155957	0.968268	-0.227375	0.967576	-0.109988	-0.954026	-0.198682	0.224409
42121	9.465060	-1.102108	2.218260	0.002701	-0.000520	0.004709	0.195284	0.155949	0.968269	-0.227367	0.967579	-0.109981	-0.954027	-0.198675	0.224411
42122	9.464890	-1.061836	2.229865	0.002701	-0.000520	0.004709	0.195286	0.155943	0.968269	-0.227364	0.967580	-0.109976	-0.954028	-0.198673	0.224411
42123	9.474430	-1.105722	2.177016	0.001988	-0.002216	0.003861	0.195277	0.155923	0.968274	-0.227348	0.967585	-0.109962	-0.954034	-0.198662	0.224396
42124	9.488654	-1.055637	2.205725	0.003414	0.001176	0.005557	0.195298	0.155927	0.968269	-0.227347	0.967586	-0.109961	-0.954029	-0.198658	0.224417
42125	9.455112	-1.094810	2.186416	0.002494	0.001425	0.009626	0.195310	0.155970	0.968260	-0.227347	0.967581	-0.110002	-0.954027	-0.198647	0.224438
42126	9.474030	-1.066850	2.188950	0.002464	0.001769	0.007226	0.195331	0.155994	0.968252	-0.227337	0.967581	-0.110024	-0.954025	-0.198628	0.224462
42127	9.483740	-1.076360	2.220710	0.004896	-0.004680	0.003655	0.195299	0.155968	0.968263	-0.227348	0.967581	-0.110002	-0.954029	-0.198649	0.224426
42128	9.464371	-1.099216	2.145256	0.003414	0.001177	0.005557	0.195322	0.155975	0.968257	-0.227339	0.967582	-0.110006	-0.954026	-0.198635	0.224449
42129	9.473966	-1.068066	2.188632	0.003946	-0.004087	0.005324	0.195291	0.155966	0.968264	-0.227344	0.967582	-0.110003	-0.954032	-0.198646	0.224418
42130	9.517256	-1.079690	2.228149	0.002701	-0.000519	0.004710	0.195299	0.155959	0.968264	-0.227329	0.967586	-0.109997	-0.954033	-0.198633	0.224422
42131	9.473938	-1.068936	2.188328	0.002017	-0.002558	0.006263	0.195281	0.155962	0.968267	-0.227318	0.967587	-0.110007	-0.954040	-0.198622	0.224404
42132	9.454722	-1.057415	2.197616	0.005077	0.002281	0.004737	0.195314	0.155960	0.968261	-0.227331	0.967586	-0.109995	-0.954030	-0.198632	0.224438
42133	9.507320	-1.072131	2.196411	0.002494	0.001428	0.009627	0.195326	0.156004	0.968251	-0.227330	0.967581	-0.110036	-0.954028	-0.198620	0.224458
42134	9.488159	-1.060568	2.205490	0.004152	-0.006033	0.000409	0.195287	0.155945	0.968269	-0.227329	0.967587	-0.109986	-0.954036	-0.198637	0.224408
42135	9.454722	-1.099444	2.185775	0.001781	-0.000268	0.008780	0.195285	0.155977	0.968264	-0.227320	0.967585	-0.110020	-0.954038	-0.198621	0.224411
42136	9.463858	-1.021616	2.167976	0.002436	0.002114	0.004827	0.195311	0.155979	0.968258	-0.227311	0.967588	-0.110019	-0.954035	-0.198607	0.224436
42137	9.488134	-1.102531	2.193769	0.004629	-0.002047	0.003774	0.195303	0.155959	0.968263	-0.227319	0.967588	-0.109999	-0.954035	-0.198622	0.224425
42138	9.492786	-1.083997	2.178889	0.003680	-0.001453	0.005443	0.195298	0.155954	0.968265	-0.227324	0.967587	-0.109994	-0.954035	-0.198629	0.224420
42139	9.502495	-1.093535	2.210629	0.001038	-0.001620	0.005533	0.195290	0.155952	0.968267	-0.227302	0.967592	-0.109999	-0.954042	-0.198608	0.224409
42140	9.449743	-1.079921	2.211976	0.005372	-0.000692	0.007022	0.195285	0.155968	0.968265	-0.227328	0.967585	-0.110009	-0.954037	-0.198631	0.224410
42141	9.483187	-1.082740	2.219971	0.000537	0.003302	0.008166	0.195318	0.156001	0.968253	-0.227306	0.967586	-0.110041	-0.954035	-0.198597	0.224447
42142	9.478097	-1.095977	2.161961	0.004364	0.000586	0.003890	0.195337	0.155988	0.968252	-0.227311	0.967587	-0.110023	-0.954030	-0.198603	0.224463
42143	9.506858	-1.076681	2.196185	0.006321	-0.001286	0.005354	0.195333	0.155985	0.968253	-0.227339	0.967582	-0.110014	-0.954024	-0.198632	0.224462
42144	9.487719	-1.065014	2.205238	0.001273	-0.003910	0.003017	0.195310	0.155954	0.968263	-0.227312	0.967590	-0.109994	-0.954035	-0.198615	0.224430
42145	9.473306	-1.075203	2.187996	0.004393	0.000244	0.006292	0.195318	0.155963	0.968259	-0.227324	0.967587	-0.109999	-0.954031	-0.198623	0.224442
42146	9.473273	-1.075614	2.187937	0.001987	-0.002213	0.003865	0.195307	0.155946	0.968265	-0.227306	0.967592	-0.109988	-0.954037	-0.198611	0.224425
42147	9.492397	-1.088067	2.178558	0.002730	-0.000858	0.007114	0.195303	0.155961	0.968263	-0.227303	0.967591	-0.110004	-0.954039	-0.198605	0.224423
42148	9.468523	-1.095423	2.202569	0.005343	-0.000349	0.004623	0.195305	0.155952	0.968264	-0.227326	0.967587	-0.109990	-0.954033	-0.198630	0.224427
42149	9.453961	-1.065152	2.197155	0.002495	0.001434	0.009631	0.195317	0.155995	0.968254	-0.227325	0.967583	-0.110031	-0.954031	-0.198618	0.224447
42150	9.506568	-1.079886	2.195869	0.004364	0.000587	0.003891	0.195334	0.155982	0.968253	-0.227333	0.967583	-0.110013	-0.954026	-0.198626	0.224461
42151	9.458611	-1.087802	2.170768	0.002250	-0.004844	0.003750	0.195299	0.155957	0.968264	-0.227318	0.967588	-0.109998	-0.954036	-0.198622	0.224421
42152	9.506546	-1.080614	2.195604	0.005108	0.001942	0.007141	0.195321	0.155976	0.968257	-0.227343	0.967581	-0.110007	-0.954026	-0.198640	0.224449
42153	9.468183	-1.057129	2.214188	0.003679	-0.001451	0.005446	0.195315	0.155974	0.968258	-0.227346	0.967581	-0.110005	-0.954026	-0.198644	0.224444
42154	9.487303	-1.069591	2.204811	0.001037	-0.001617	0.005536	0.195309	0.155972	0.968260	-0.227321	0.967586	-0.110010	-0.954033	-0.198620	0.224434
42155	9.491988	-1.091895	2.178425	0.004393	0.000246	0.006294	0.195317	0.155981	0.968257	-0.227332	0.967583	-0.110015	-0.954029	-0.198628	0.224445
42156	9.463382	-1.077463	2.228766	0.001037	-0.001617	0.005536	0.195307	0.155979	0.968259	-0.227320	0.967586	-0.110018	-0.954034	-0.198617	0.224433
42157	9.477460	-1.061857	2.172792	0.006291	-0.000943	0.002955	0.195312	0.155953	0.968262	-0.227343	0.967584	-0.109986	-0.954028	-0.198646	0.224435
42158	9.467997	-1.100120	2.202491	0.003210	0.003134	0.010481	0.195334	0.156010	0.968249	-0.227355	0.967575	-0.110035	-0.954020	-0.198642	0.224470
42159	9.491661	-1.053183	2.190256	0.004364	0.000587	0.003893	0.195351	0.155997	0.968247	-0.227361	0.967576	-0.110017	-0.954015	-0.198650	0.224485
42160	9.458108	-1.092013	2.170847	0.003678	-0.001449	0.005447	0.195348	0.155994	0.968248	-0.227360	0.967576	-0.110015	-0.954016	-0.198650	0.224481
42161	9.472479	-1.041905	2.199350	0.005606	-0.002980	0.004511	0.195330	0.155980	0.968254	-0.227380	0.967574	-0.110000	-0.954015	-0.198675	0.224463
42162	9.486955	-1.113790	2.193181	0.002700	-0.000514	0.004715	0.195340	0.155975	0.968253	-0.227358	0.967579	-0.109998	-0.954018	-0.198653	0.224469
42163	9.458029	-1.052321	2.182115	0.006291	-0.000943	0.002956	0.195344	0.155950	0.968256	-0.227381	0.967577	-0.109966	-0.954012	-0.198682	0.224471
42164	9.505999	-1.085802	2.195417	0.000087	-0.001019	0.007207	0.195340	0.155965	0.968255	-0.227352	0.967581	-0.109990	-0.954020	-0.198649	0.224466
42165	9.429495	-1.078787	2.220638	0.004861	-0.004336	0.001262	0.195316	0.155917	0.968267	-0.227358	0.967585	-0.109945	-0.954023	-0.198669	0.224433
42166	9.472380	-1.043740	2.198903	0.003210	0.003137	0.010482	0.195340	0.155975	0.968253	-0.227365	0.967577	-0.109996	-0.954017	-0.198660	0.224470
42167	9.491437	-1.097107	2.178205	0.003678	-0.001448	0.005449	0.195334	0.155972	0.968255	-0.227368	0.967577	-0.109994	-0.954017	-0.198664	0.224464
42168	9.472253	-1.044854	2.198921	0.003678	-0.001448	0.005449	0.195326	0.155969	0.968257	-0.227373	0.967576	-0.109992	-0.954017	-0.198671	0.224456
42169	9.491374	-1.097956	2.178050	0.002700	-0.000512	0.004716	0.195331	0.155962	0.968257	-0.227365	0.967579	-0.109985	-0.954018	-0.198665	0.224458
42170	9.467488	-1.064474	2.213644	0.005342	-0.000346	0.004627	0.195337	0.155954	0.968257	-0.227383	0.967576	-0.109972	-0.954013	-0.198684	0.224464
42171	9.524842	-1.060286	2.197347	0.002014	-0.002548	0.006272	0.195318	0.155957	0.968260	-0.227372	0.967577	-0.109982	-0.954019	-0.198674	0.224446
42172	9.457712	-1.137681	2.158555	0.006057	0.001351	0.005475	0.195338	0.155960	0.968256	-0.227398	0.967572	-0.109974	-0.954009	-0.198697	0.224469
42173	9.486468	-1.037275	2.215844	0.001065	-0.001951	0.007942	0.195322	0.155981	0.968256	-0.227381	0.967573	-0.110003	-0.954016	-0.198677	0.224455
42174	9.481776	-1.097208	2.218894	0.005575	-0.002639	0.002111	0.195308	0.155944	0.968264	-0.227405	0.967572	-0.109963	-0.954014	-0.198711	0.224437
42175	9.472004	-1.047837	2.198577	0.002467	0.001782	0.007234	0.195329	0.155966	0.968257	-0.227399	0.967571	-0.109981	-0.954010	-0.198698	0.224461
42176	9.481651	-1.098209	2.218931	0.003707	-0.001785	0.007853	0.195318	0.155985	0.968256	-0.227407	0.967567	-0.110001	-0.954011	-0.198703	0.224456
42177	9.471889	-1.089678	2.186970	0.006320	-0.001280	0.005362	0.195314	0.155983	0.968257	-0.227435	0.967561	-0.109993	-0.954005	-0.198733	0.224454
42178	9.490974	-1.061552	2.189192	0.000087	-0.001015	0.007210	0.195308	0.156000	0.968256	-0.227401	0.967566	-0.110020	-0.954014	-0.198694	0.224448
42179	9.486223	-1.080902	2.203944	0.005342	-0.000345	0.004629	0.195314	0.155992	0.968256	-0.227418	0.967564	-0.110006	-0.954009	-0.198713	0.224455
42180	9.471775	-1.050256	2.198406	0.006291	-0.000942	0.002959	0.195317	0.155967	0.968259	-0.227440	0.967562	-0.109976	-0.954003	-0.198740	0.224454
42181	9.486142	-1.081441	2.204027	-0.000204	0.001956	0.004920	0.195345	0.155967	0.968254	-0.227405	0.967570	-0.109978	-0.954006	-0.198702	0.224477
42182	9.457279	-1.060721	2.181300	0.004888	-0.004674	0.003668	0.195312	0.155938	0.968265	-0.227415	0.967570	-0.109953	-0.954010	-0.198723	0.224441
42183	9.462281	-1.048327	2.239425	0.005109	0.001950	0.007146	0.195335	0.155959	0.968257	-0.227435	0.967564	-0.109965	-0.954001	-0.198736	0.224470
42184	9.509825	-1.116494	2.168446	0.004364	0.000590	0.003896	0.195349	0.155945	0.968256	-0.227442	0.967565	-0.109946	-0.953996	-0.198744	0.224481
42185	9.476256	-1.033193	2.183745	0.005342	-0.000344	0.004630	0.195356	0.155937	0.968256	-0.227459	0.967562	-0.109933	-0.953991	-0.198763	0.224488
42186	9.471489	-1.093074	2.187008	0.002700	-0.000509	0.004719	0.195354	0.155933	0.968257	-0.227451	0.967565	-0.109932	-0.953993	-0.198755	0.224484
42187	9.485878	-1.083626	2.204091	0.005342	-0.000344	0.004630	0.195360	0.155925	0.968257	-0.227468	0.967562	-0.109918	-0.953988	-0.198774	0.224491
42188	9.447589	-1.060045	2.222547	0.000087	-0.001012	0.007211	0.195358	0.155942	0.968255	-0.227434	0.967567	-0.109944	-0.953996	-0.198736	0.224489
42189	9.504928	-1.096664	2.194652	0.005603	-0.002976	0.004517	0.195340	0.155928	0.968261	-0.227454	0.967564	-0.109929	-0.953995	-0.198761	0.224470
42190	9.456951	-1.063830	2.181210	0.004364	0.000591	0.003897	0.195315	0.155849	0.968278	-0.227316	0.967601	-0.109887	-0.954033	-0.198643	0.224414
42191	9.485747	-1.085232	2.203864	0.006319	-0.001278	0.005365	0.195311	0.155846	0.968280	-0.227344	0.967596	-0.109879	-0.954027	-0.198672	0.224413
42192	9.452170	-1.083253	2.196012	0.002671	-0.000171	0.002316	0.195323	0.155816	0.968282	-0.227329	0.967603	-0.109850	-0.954029	-0.198662	0.224417
42193	9.490427	-1.066870	2.188979	0.004625	-0.002040	0.003784	0.195315	0.155796	0.968287	-0.227337	0.967603	-0.109830	-0.954028	-0.198676	0.224406
42194	9.480964	-1.104954	2.218521	0.001751	0.000090	0.006390	0.195322	0.155807	0.968284	-0.227323	0.967605	-0.109842	-0.954030	-0.198658	0.224413
42195	9.495084	-1.048885	2.174023	0.005603	-0.002975	0.004519	0.195304	0.155793	0.968290	-0.227342	0.967602	-0.109827	-0.954029	-0.198683	0.224394
42196	9.485623	-1.086958	2.203549	0.004393	0.000256	0.006302	0.195309	0.155804	0.968287	-0.227354	0.967598	-0.109835	-0.954025	-0.198692	0.224404
42197	9.485517	-1.087638	2.203668	0.002496	0.001452	0.009642	0.195322	0.155848	0.968277	-0.227354	0.967594	-0.109876	-0.954023	-0.198680	0.224425
42198	9.451960	-1.045165	2.207337	0.005573	-0.002638	0.002115	0.195312	0.155811	0.968285	-0.227371	0.967594	-0.109837	-0.954021	-0.198707	0.224410
42199	9.485412	-1.129038	2.192056	-0.000919	0.000262	0.004074	0.195326	0.155799	0.968284	-0.227327	0.967605	-0.109832	-0.954028	-0.198664	0.224415
42200	9.471035	-1.057907	2.197926	0.004654	-0.002376	0.006190	0.195316	0.155802	0.968286	-0.227330	0.967604	-0.109837	-0.954030	-0.198668	0.224407
42201	9.485397	-1.089402	2.203314	0.001064	-0.001942	0.007948	0.195299	0.155823	0.968286	-0.227313	0.967604	-0.109865	-0.954037	-0.198647	0.224393
42202	9.490099	-1.071066	2.188351	0.004625	-0.002039	0.003786	0.195293	0.155805	0.968290	-0.227314	0.967606	-0.109849	-0.954038	-0.198653	0.224383
42203	9.470917	-1.100052	2.185983	0.000058	-0.000672	0.004809	0.195296	0.155798	0.968290	-0.227281	0.967614	-0.109849	-0.954046	-0.198621	0.224381
42204	9.470912	-1.059782	2.197555	0.006058	0.001356	0.005480	0.195316	0.155802	0.968286	-0.227308	0.967608	-0.109841	-0.954035	-0.198646	0.224404
42205	9.470879	-1.060194	2.197496	0.000318	-0.003303	0.004697	0.195294	0.155788	0.968292	-0.227277	0.967616	-0.109840	-0.954047	-0.198620	0.224377
42206	9.504427	-1.062862	2.205143	0.006318	-0.001276	0.005368	0.195290	0.155788	0.968293	-0.227296	0.967612	-0.109836	-0.954043	-0.198639	0.224375
42207	9.489924	-1.073246	2.188044	0.001780	-0.000243	0.008797	0.195288	0.155820	0.968288	-0.227287	0.967610	-0.109871	-0.954046	-0.198623	0.224379
42208	9.485108	-1.092696	2.202926	0.003416	0.001192	0.005569	0.195310	0.155825	0.968283	-0.227285	0.967610	-0.109872	-0.954042	-0.198617	0.224401
42209	9.470597	-1.102882	2.185946	0.005341	-0.000341	0.004634	0.195317	0.155817	0.968283	-0.227302	0.967608	-0.109858	-0.954036	-0.198635	0.224408
42210	9.489810	-1.033946	2.199666	0.003676	-0.001440	0.005457	0.195302	0.155818	0.968286	-0.227325	0.967603	-0.109857	-0.954034	-0.198660	0.224396
42211	9.470526	-1.103674	2.185855	0.002699	-0.000505	0.004722	0.195307	0.155810	0.968286	-0.227317	0.967605	-0.109850	-0.954035	-0.198653	0.224398
42212	9.494726	-1.062593	2.246277	0.002699	-0.000505	0.004722	0.195310	0.155804	0.968287	-0.227309	0.967608	-0.109845	-0.954036	-0.198647	0.224399
42213	9.465489	-1.076598	2.139004	0.002959	-0.003137	0.004611	0.195290	0.155790	0.968293	-0.227303	0.967610	-0.109837	-0.954041	-0.198646	0.224376
42214	9.480218	-1.073238	2.229055	0.005110	0.001957	0.007152	0.195313	0.155811	0.968285	-0.227322	0.967604	-0.109849	-0.954032	-0.198657	0.224405
42215	9.470347	-1.105445	2.185735	0.001034	-0.001603	0.005546	0.195305	0.155809	0.968287	-0.227299	0.967609	-0.109854	-0.954039	-0.198636	0.224394
42216	9.480152	-1.074061	2.228940	0.005572	-0.002638	0.002118	0.195292	0.155774	0.968295	-0.227318	0.967609	-0.109817	-0.954038	-0.198665	0.224376
42217	9.475077	-1.087127	2.170691	0.001723	0.000430	0.003988	0.195307	0.155761	0.968294	-0.227299	0.967615	-0.109805	-0.954039	-0.198647	0.224387
42218	9.475125	-1.046820	2.182159	0.003676	-0.001438	0.005459	0.195300	0.155760	0.968296	-0.227301	0.967614	-0.109805	-0.954040	-0.198649	0.224380
42219	9.484708	-1.097062	2.202480	0.002728	-0.000838	0.007129	0.195296	0.155775	0.968294	-0.227298	0.967613	-0.109822	-0.954042	-0.198643	0.224378
42220	9.489394	-1.078715	2.187651	0.005341	-0.000340	0.004636	0.195306	0.155769	0.968293	-0.227306	0.967612	-0.109811	-0.954038	-0.198652	0.224387
42221	9.455833	-1.076809	2.179684	0.000317	-0.003300	0.004700	0.195284	0.155755	0.968300	-0.227275	0.967620	-0.109810	-0.954049	-0.198626	0.224360
42222	9.499049	-1.088617	2.219355	0.005111	0.001959	0.007153	0.195310	0.155775	0.968291	-0.227298	0.967613	-0.109819	-0.954039	-0.198642	0.224392
42223	9.494016	-1.061369	2.172627	0.002987	-0.003469	0.007019	0.195281	0.155784	0.968296	-0.227297	0.967612	-0.109834	-0.954045	-0.198642	0.224366
42224	9.475140	-1.096443	2.243188	0.003676	-0.001437	0.005460	0.195273	0.155782	0.968298	-0.227305	0.967610	-0.109832	-0.954044	-0.198652	0.224358
42225	9.455674	-1.078959	2.179314	0.003704	-0.001771	0.007866	0.195258	0.155802	0.968297	-0.227313	0.967606	-0.109853	-0.954046	-0.198657	0.224349
42226	9.518104	-1.062214	2.221145	0.003676	-0.001437	0.005460	0.195247	0.155800	0.968300	-0.227322	0.967604	-0.109851	-0.954046	-0.198668	0.224338
42227	9.503529	-1.113115	2.192429	0.002958	-0.003135	0.004614	0.195226	0.155786	0.968306	-0.227317	0.967606	-0.109842	-0.954051	-0.198668	0.224315
42228	9.479766	-1.079520	2.227944	0.002441	0.002129	0.004836	0.195255	0.155784	0.968301	-0.227307	0.967609	-0.109837	-0.954048	-0.198655	0.224342
42229	9.489069	-1.083136	2.186876	0.003704	-0.001769	0.007867	0.195241	0.155804	0.968301	-0.227314	0.967605	-0.109859	-0.954049	-0.198660	0.224333
42230	9.436380	-1.069204	2.188278	0.004365	0.000595	0.003901	0.195254	0.155792	0.968300	-0.227329	0.967603	-0.109840	-0.954043	-0.198676	0.224345
42231	9.469890	-1.071896	2.196081	0.001034	-0.001600	0.005549	0.195246	0.155791	0.968302	-0.227307	0.967608	-0.109845	-0.954049	-0.198655	0.224334
42232	9.469872	-1.072219	2.196000	0.006289	-0.000939	0.002967	0.195255	0.155765	0.968304	-0.227327	0.967607	-0.109814	-0.954043	-0.198680	0.224339
42233	9.517827	-1.065143	2.220928	0.003446	0.000864	0.007979	0.195265	0.155792	0.968298	-0.227333	0.967603	-0.109837	-0.954040	-0.198678	0.224356
42234	9.488852	-1.085235	2.186780	0.001981	-0.002200	0.003879	0.195249	0.155775	0.968304	-0.227326	0.967606	-0.109824	-0.954044	-0.198678	0.224336
42235	9.450670	-1.061408	2.205108	0.003675	-0.001435	0.005462	0.195243	0.155772	0.968305	-0.227329	0.967606	-0.109823	-0.954045	-0.198682	0.224330
42236	9.517574	-1.107154	2.209354	0.002441	0.002131	0.004837	0.195276	0.155770	0.968299	-0.227317	0.967609	-0.109817	-0.954041	-0.198666	0.224360
42237	9.483937	-1.105295	2.201684	0.004393	0.000264	0.006309	0.195284	0.155780	0.968296	-0.227328	0.967606	-0.109822	-0.954037	-0.198674	0.224371
42238	9.474325	-1.056133	2.181148	0.002985	-0.003465	0.007023	0.195254	0.155789	0.968300	-0.227330	0.967604	-0.109837	-0.954042	-0.198677	0.224344
42239	9.454903	-1.126015	2.167437	0.005112	0.001962	0.007156	0.195277	0.155810	0.968292	-0.227349	0.967598	-0.109848	-0.954033	-0.198690	0.224373
42240	9.450522	-1.022999	2.216702	0.004594	-0.001703	0.001385	0.195273	0.155767	0.968300	-0.227363	0.967600	-0.109803	-0.954031	-0.198714	0.224362
42241	9.517316	-1.109371	2.209354	0.002728	-0.000833	0.007134	0.195269	0.155782	0.968298	-0.227360	0.967599	-0.109820	-0.954032	-0.198708	0.224361
42242	9.454932	-1.086458	2.178807	0.003675	-0.001434	0.005463	0.195259	0.155782	0.968300	-0.227367	0.967597	-0.109820	-0.954033	-0.198716	0.224352
42243	9.507667	-1.060750	2.188753	0.000086	-0.000996	0.007222	0.195254	0.155798	0.968299	-0.227339	0.967601	-0.109844	-0.954040	-0.198684	0.224347
42244	9.450102	-1.106283	2.193428	0.004622	-0.002035	0.003793	0.195248	0.155781	0.968303	-0.227340	0.967602	-0.109828	-0.954041	-0.198690	0.224337
42245	9.503047	-1.039629	2.214713	0.002956	-0.003132	0.004617	0.195228	0.155767	0.968309	-0.227334	0.967605	-0.109820	-0.954047	-0.198690	0.224314
42246	9.488249	-1.131191	2.174660	0.001723	0.000434	0.003991	0.195242	0.155756	0.968308	-0.227321	0.967609	-0.109808	-0.954047	-0.198677	0.224324
42247	9.459734	-1.029009	2.174906	0.006317	-0.001270	0.005377	0.195238	0.155753	0.968309	-0.227348	0.967604	-0.109800	-0.954041	-0.198707	0.224323
42248	9.521844	-1.093732	2.193944	0.000804	0.000704	0.008069	0.195247	0.155782	0.968303	-0.227327	0.967605	-0.109832	-0.954045	-0.198677	0.224335
42249	9.450066	-1.067666	2.204677	0.004365	0.000597	0.003904	0.195264	0.155768	0.968302	-0.227333	0.967606	-0.109813	-0.954040	-0.198684	0.224350
42250	9.502798	-1.041860	2.214736	0.002727	-0.000830	0.007136	0.195258	0.155783	0.968300	-0.227332	0.967604	-0.109830	-0.954041	-0.198681	0.224347
42251	9.449775	-1.109375	2.193274	0.004393	0.000266	0.006312	0.195267	0.155793	0.968297	-0.227344	0.967601	-0.109835	-0.954037	-0.198689	0.224359
42252	9.512061	-1.045935	2.173609	0.001004	-0.001264	0.003145	0.195269	0.155768	0.968301	-0.227314	0.967610	-0.109817	-0.954043	-0.198665	0.224353
42253	9.473548	-1.103602	2.169048	0.001061	-0.001926	0.007961	0.195253	0.155789	0.968301	-0.227297	0.967611	-0.109845	-0.954051	-0.198644	0.224339
42254	9.449844	-1.070104	2.204446	0.006316	-0.001269	0.005378	0.195249	0.155787	0.968302	-0.227319	0.967606	-0.109838	-0.954046	-0.198668	0.224337
42255	9.506995	-1.107081	2.176729	0.001780	-0.000226	0.008808	0.195247	0.155820	0.968297	-0.227310	0.967604	-0.109873	-0.954049	-0.198651	0.224341
42256	9.425916	-1.077777	2.228393	0.005569	-0.002637	0.002124	0.195241	0.155783	0.968304	-0.227317	0.967607	-0.109836	-0.954048	-0.198668	0.224329
42257	9.540683	-1.069506	2.195766	0.002727	-0.000828	0.007137	0.195238	0.155798	0.968302	-0.227314	0.967606	-0.109853	-0.954050	-0.198661	0.224328
42258	9.449541	-1.112671	2.192614	0.002955	-0.003130	0.004620	0.195217	0.155784	0.968309	-0.227307	0.967608	-0.109845	-0.954056	-0.198660	0.224304
42259	9.473766	-1.025084	2.191126	0.002984	-0.003460	0.007028	0.195188	0.155793	0.968313	-0.227306	0.967607	-0.109860	-0.954062	-0.198660	0.224278
42260	9.487838	-1.097296	2.185158	0.005369	-0.000665	0.007051	0.195184	0.155808	0.968311	-0.227336	0.967599	-0.109868	-0.954055	-0.198687	0.224281
42261	9.478638	-1.053822	2.237670	0.003646	-0.001100	0.003059	0.195187	0.155783	0.968315	-0.227334	0.967602	-0.109844	-0.954055	-0.198690	0.224278
42262	9.487751	-1.098181	2.185091	0.001780	-0.000224	0.008809	0.195181	0.155817	0.968311	-0.227328	0.967599	-0.109880	-0.954058	-0.198677	0.224279
42263	9.502143	-1.089159	2.202154	0.004422	-0.000061	0.008723	0.195181	0.155849	0.968305	-0.227344	0.967592	-0.109908	-0.954054	-0.198687	0.224287
42264	9.464013	-1.065275	2.220431	0.002207	-0.004498	0.001366	0.195152	0.155803	0.968319	-0.227327	0.967600	-0.109873	-0.954064	-0.198683	0.224248
42265	9.506945	-1.071043	2.186877	0.003674	-0.001430	0.005468	0.195147	0.155801	0.968320	-0.227329	0.967600	-0.109871	-0.954065	-0.198687	0.224242
42266	9.487827	-1.059343	2.196132	0.003418	0.001202	0.005577	0.195168	0.155804	0.968315	-0.227326	0.967601	-0.109870	-0.954061	-0.198680	0.224263
42267	9.454038	-1.098109	2.176842	0.002954	-0.003128	0.004622	0.195148	0.155790	0.968322	-0.227320	0.967603	-0.109862	-0.954066	-0.198680	0.224240
42268	9.502272	-1.050320	2.212995	0.005341	-0.000334	0.004644	0.195152	0.155784	0.968322	-0.227340	0.967600	-0.109851	-0.954061	-0.198701	0.224245
42269	9.449396	-1.076932	2.203041	0.004394	0.000270	0.006315	0.195160	0.155794	0.968319	-0.227352	0.967596	-0.109856	-0.954056	-0.198709	0.224256
42270	9.521225	-1.063390	2.203781	0.001032	-0.001591	0.005556	0.195150	0.155793	0.968321	-0.227333	0.967600	-0.109862	-0.954063	-0.198692	0.224244
42271	9.449135	-1.118439	2.191430	0.005567	-0.002636	0.002127	0.195140	0.155756	0.968329	-0.227347	0.967601	-0.109823	-0.954062	-0.198716	0.224229
42272	9.525981	-1.045289	2.188726	0.003447	0.000875	0.007987	0.195156	0.155783	0.968321	-0.227344	0.967599	-0.109848	-0.954059	-0.198705	0.224249
42273	9.429943	-1.107227	2.200760	0.003419	0.001204	0.005578	0.195175	0.155787	0.968317	-0.227345	0.967599	-0.109848	-0.954055	-0.198702	0.224269
42274	9.501990	-1.052925	2.212968	0.003674	-0.001428	0.005470	0.195168	0.155787	0.968318	-0.227346	0.967599	-0.109848	-0.954056	-0.198705	0.224261
42275	9.492017	-1.085181	2.169594	0.002727	-0.000824	0.007141	0.195164	0.155802	0.968317	-0.227343	0.967597	-0.109865	-0.954058	-0.198699	0.224260
42276	9.453883	-1.061332	2.187928	0.001978	-0.002194	0.003886	0.195155	0.155784	0.968321	-0.227326	0.967603	-0.109853	-0.954064	-0.198686	0.224246
42277	9.487167	-1.104874	2.184254	0.001752	0.000110	0.006403	0.195161	0.155794	0.968318	-0.227312	0.967605	-0.109865	-0.954066	-0.198669	0.224253
42278	9.449010	-1.081018	2.202694	0.006315	-0.001265	0.005384	0.195156	0.155792	0.968320	-0.227344	0.967598	-0.109857	-0.954059	-0.198703	0.224251
42279	9.506385	-1.077279	2.186249	0.002982	-0.003454	0.007034	0.195127	0.155801	0.968324	-0.227343	0.967597	-0.109872	-0.954065	-0.198703	0.224224
42280	9.472810	-1.075335	2.178343	0.004365	0.000600	0.003908	0.195138	0.155791	0.968324	-0.227352	0.967596	-0.109857	-0.954061	-0.198713	0.224234
42281	9.501780	-1.056069	2.212370	0.001978	-0.002193	0.003886	0.195128	0.155772	0.968329	-0.227336	0.967602	-0.109844	-0.954067	-0.198702	0.224219
42282	9.477693	-1.103829	2.224852	0.002007	-0.002521	0.006296	0.195110	0.155775	0.968332	-0.227326	0.967603	-0.109854	-0.954073	-0.198693	0.224200
42283	9.468189	-1.054649	2.204286	0.004394	0.000273	0.006318	0.195118	0.155784	0.968329	-0.227337	0.967600	-0.109859	-0.954069	-0.198702	0.224212
42284	9.486964	-1.108012	2.183546	0.000311	-0.003287	0.004712	0.195099	0.155770	0.968335	-0.227303	0.967608	-0.109857	-0.954081	-0.198672	0.224186
42285	9.506482	-1.039181	2.197018	0.007036	0.000435	0.006231	0.195109	0.155779	0.968331	-0.227339	0.967600	-0.109855	-0.954070	-0.198706	0.224202
42286	9.472633	-1.077982	2.177804	0.001032	-0.001588	0.005559	0.195102	0.155775	0.968333	-0.227317	0.967604	-0.109858	-0.954077	-0.198685	0.224192
42287	9.487064	-1.068769	2.194865	0.002473	0.001811	0.007251	0.195123	0.155797	0.968326	-0.227312	0.967603	-0.109876	-0.954074	-0.198673	0.224216
42288	9.487001	-1.069191	2.194931	0.003645	-0.001098	0.003062	0.195128	0.155773	0.968328	-0.227307	0.967607	-0.109852	-0.954074	-0.198672	0.224216
42289	9.477384	-1.107077	2.224556	0.001031	-0.001587	0.005559	0.195121	0.155771	0.968330	-0.227284	0.967612	-0.109858	-0.954081	-0.198651	0.224206
42290	9.458221	-1.048745	2.172056	0.003645	-0.001098	0.003062	0.195123	0.155748	0.968333	-0.227285	0.967615	-0.109834	-0.954080	-0.198656	0.224203
42291	9.482126	-1.089059	2.209573	0.001752	0.000113	0.006406	0.195130	0.155758	0.968330	-0.227271	0.967617	-0.109845	-0.954082	-0.198639	0.224210
42292	9.482076	-1.089562	2.209540	0.003673	-0.001425	0.005473	0.195124	0.155756	0.968332	-0.227277	0.967616	-0.109843	-0.954082	-0.198646	0.224204
42293	9.501333	-1.061492	2.211693	0.004394	0.000275	0.006319	0.195132	0.155765	0.968329	-0.227288	0.967612	-0.109848	-0.954077	-0.198654	0.224216
42294	9.453006	-1.109997	2.175293	0.002231	-0.004823	0.003781	0.195100	0.155740	0.968339	-0.227269	0.967618	-0.109834	-0.954088	-0.198645	0.224178
42295	9.482283	-1.049957	2.220648	0.002417	0.002466	0.002431	0.195139	0.155716	0.968335	-0.227254	0.967625	-0.109806	-0.954084	-0.198631	0.224208
42296	9.467395	-1.100979	2.192450	0.002501	0.001486	0.009663	0.195151	0.155761	0.968326	-0.227254	0.967620	-0.109848	-0.954082	-0.198619	0.224229
42297	9.481828	-1.091736	2.209530	0.003645	-0.001098	0.003063	0.195153	0.155736	0.968329	-0.227252	0.967624	-0.109823	-0.954082	-0.198622	0.224226
42298	9.520177	-1.075795	2.202288	0.002980	-0.003450	0.007039	0.195124	0.155746	0.968333	-0.227253	0.967621	-0.109839	-0.954087	-0.198625	0.224200
42299	9.443759	-1.068248	2.227515	0.002952	-0.003123	0.004628	0.195104	0.155733	0.968340	-0.227247	0.967624	-0.109831	-0.954093	-0.198624	0.224177
42300	9.496242	-1.036717	2.164360	0.001724	0.000441	0.003996	0.195118	0.155720	0.968339	-0.227230	0.967629	-0.109820	-0.954094	-0.198608	0.224186
42301	9.495975	-1.124357	2.214686	0.004394	0.000276	0.006321	0.195127	0.155730	0.968336	-0.227241	0.967626	-0.109825	-0.954090	-0.198616	0.224198
42302	9.462967	-1.041038	2.229524	0.002980	-0.003449	0.007040	0.195095	0.155740	0.968340	-0.227242	0.967624	-0.109842	-0.954096	-0.198618	0.224170
42303	9.510032	-1.110074	2.158441	0.001780	-0.000211	0.008819	0.195093	0.155773	0.968335	-0.227234	0.967622	-0.109877	-0.954098	-0.198602	0.224174
42304	9.486421	-1.076352	2.193936	0.005312	-0.000004	0.002238	0.195108	0.155742	0.968337	-0.227247	0.967623	-0.109839	-0.954092	-0.198621	0.224183
42305	9.467363	-1.064420	2.203137	0.003673	-0.001423	0.005475	0.195102	0.155740	0.968339	-0.227250	0.967622	-0.109838	-0.954092	-0.198625	0.224177
42306	9.467005	-1.105732	2.191741	0.004422	-0.000049	0.008733	0.195100	0.155771	0.968334	-0.227271	0.967614	-0.109865	-0.954088	-0.198639	0.224184
42307	9.472053	-1.046779	2.188270	0.005340	-0.000329	0.004650	0.195107	0.155763	0.968334	-0.227288	0.967612	-0.109852	-0.954083	-0.198658	0.224191
42308	9.481414	-1.096863	2.208767	0.003672	-0.001422	0.005476	0.195095	0.155763	0.968337	-0.227293	0.967611	-0.109852	-0.954084	-0.198664	0.224180
42309	9.467197	-1.066282	2.202952	0.005592	-0.002960	0.004544	0.195077	0.155748	0.968343	-0.227312	0.967608	-0.109837	-0.954083	-0.198689	0.224161
42310	9.505216	-1.091247	2.184403	0.001780	-0.000208	0.008820	0.195071	0.155782	0.968338	-0.227312	0.967604	-0.109872	-0.954084	-0.198682	0.224162
42311	9.467121	-1.067222	2.202824	0.003616	-0.000771	0.000653	0.195082	0.155735	0.968344	-0.227305	0.967611	-0.109824	-0.954084	-0.198684	0.224163
42312	9.500620	-1.070021	2.210647	0.000806	0.000725	0.008081	0.195085	0.155763	0.968338	-0.227295	0.967610	-0.109855	-0.954085	-0.198667	0.224171
42313	9.471499	-1.090221	2.176643	0.005368	-0.000653	0.007063	0.195083	0.155778	0.968337	-0.227317	0.967604	-0.109865	-0.954081	-0.198686	0.224174
42314	9.466966	-1.068673	2.202786	0.001976	-0.002189	0.003891	0.195075	0.155760	0.968341	-0.227298	0.967610	-0.109852	-0.954087	-0.198672	0.224161
42315	9.509820	-1.074679	2.169390	0.005340	-0.000328	0.004652	0.195082	0.155752	0.968341	-0.227315	0.967607	-0.109839	-0.954081	-0.198690	0.224167
42316	9.447897	-1.057016	2.211925	0.006286	-0.000935	0.002980	0.195083	0.155728	0.968345	-0.227342	0.967604	-0.109808	-0.954074	-0.198724	0.224167
42317	9.504925	-1.093985	2.184302	0.004394	0.000280	0.006324	0.195092	0.155737	0.968341	-0.227354	0.967601	-0.109813	-0.954070	-0.198732	0.224178
42318	9.428431	-1.086192	2.209982	0.002418	0.002468	0.002432	0.195130	0.155712	0.968338	-0.227340	0.967607	-0.109783	-0.954065	-0.198720	0.224209
42319	9.529014	-1.047314	2.171632	0.002228	-0.004820	0.003786	0.195095	0.155687	0.968349	-0.227326	0.967612	-0.109769	-0.954076	-0.198715	0.224168
42320	9.423275	-1.146393	2.213156	0.003700	-0.001744	0.007891	0.195086	0.155708	0.968347	-0.227322	0.967611	-0.109792	-0.954079	-0.198708	0.224164
42321	9.505481	-1.014033	2.206701	0.003644	-0.001095	0.003066	0.195089	0.155683	0.968351	-0.227320	0.967614	-0.109767	-0.954078	-0.198711	0.224161
42322	9.485422	-1.124406	2.181862	0.001752	0.000120	0.006411	0.195098	0.155693	0.968347	-0.227302	0.967617	-0.109780	-0.954081	-0.198690	0.224169
42323	9.452489	-1.041106	2.196704	0.003700	-0.001743	0.007891	0.195083	0.155714	0.968347	-0.227310	0.967612	-0.109802	-0.954082	-0.198694	0.224160
42324	9.504656	-1.097167	2.183876	-0.000889	-0.000040	0.006497	0.195087	0.155725	0.968344	-0.227273	0.967619	-0.109820	-0.954090	-0.198654	0.224162
42325	9.466903	-1.032565	2.213622	0.008983	-0.001422	0.007720	0.195076	0.155744	0.968343	-0.227331	0.967604	-0.109829	-0.954078	-0.198710	0.224162
42326	9.509086	-1.120179	2.157387	0.002227	-0.004818	0.003788	0.195037	0.155721	0.968355	-0.227320	0.967608	-0.109816	-0.954089	-0.198708	0.224118
42327	9.433041	-1.071639	2.193984	0.003672	-0.001418	0.005480	0.195032	0.155719	0.968356	-0.227322	0.967608	-0.109815	-0.954090	-0.198712	0.224113
42328	9.456834	-1.065613	2.169886	0.000779	0.001053	0.005671	0.195048	0.155723	0.968353	-0.227299	0.967613	-0.109821	-0.954092	-0.198685	0.224126
42329	9.518719	-1.130360	2.188933	0.003895	-0.003726	0.002962	0.195026	0.155692	0.968362	-0.227299	0.967616	-0.109795	-0.954097	-0.198695	0.224099
42330	9.447504	-1.062958	2.210759	0.005340	-0.000326	0.004654	0.195036	0.155683	0.968361	-0.227311	0.967615	-0.109781	-0.954092	-0.198708	0.224108
42331	9.490315	-1.069196	2.177406	0.000084	-0.000969	0.007239	0.195031	0.155699	0.968360	-0.227283	0.967618	-0.109805	-0.954099	-0.198676	0.224103
42332	9.485413	-1.088522	2.192290	0.004394	0.000282	0.006327	0.195040	0.155708	0.968356	-0.227292	0.967616	-0.109809	-0.954095	-0.198682	0.224115
42333	9.490178	-1.070329	2.177450	0.001752	0.000123	0.006413	0.195047	0.155718	0.968354	-0.227278	0.967618	-0.109821	-0.954097	-0.198665	0.224122
42334	9.470786	-1.099155	2.175253	0.005562	-0.002634	0.002136	0.195032	0.155681	0.968362	-0.227302	0.967616	-0.109782	-0.954094	-0.198700	0.224103
42335	9.447625	-1.024524	2.222023	0.002475	0.001823	0.007259	0.195053	0.155703	0.968355	-0.227297	0.967616	-0.109800	-0.954091	-0.198687	0.224127
42336	9.523580	-1.074136	2.185207	0.003699	-0.001739	0.007895	0.195040	0.155724	0.968354	-0.227301	0.967612	-0.109823	-0.954093	-0.198688	0.224119
42337	9.470983	-1.059919	2.186574	0.005340	-0.000325	0.004655	0.195046	0.155716	0.968354	-0.227319	0.967609	-0.109810	-0.954088	-0.198707	0.224126
42338	9.499627	-1.081566	2.209295	0.001752	0.000124	0.006414	0.195050	0.155729	0.968351	-0.227306	0.967611	-0.109825	-0.954090	-0.198691	0.224131
42339	9.475350	-1.082746	2.160404	0.002670	-0.000163	0.002328	0.195064	0.155699	0.968353	-0.227293	0.967617	-0.109795	-0.954090	-0.198683	0.224136
42340	9.470826	-1.061211	2.186630	0.001780	-0.000198	0.008827	0.195062	0.155731	0.968348	-0.227287	0.967615	-0.109829	-0.954092	-0.198669	0.224141
42341	9.503906	-1.105049	2.183165	0.007036	0.000444	0.006243	0.195072	0.155740	0.968345	-0.227323	0.967606	-0.109827	-0.954081	-0.198703	0.224157
42342	9.427913	-1.056247	2.219804	0.004115	-0.006035	0.000446	0.195034	0.155680	0.968362	-0.227321	0.967613	-0.109775	-0.954090	-0.198719	0.224106
