// General information: 
//  MT Manager version: 2019.2.0 
//  XDA version: 2019.2.0 build 3853 rev 94535 built on 2019-09-09
// Device information: 
//  DeviceId: 00B44109
//  ProductCode: MTW2-3A7G6
//  Firmware Version: 4.3.5
//  Hardware Version: 1.1.0
// Device settings: 
//  Filter Profile: human(46.1)
//  Option Flags: Orientation Smoother Disabled, AHS Disabled, ICC Disabled
// Coordinate system: ENU
PacketCounter	Acc_X	Acc_Y	Acc_Z	Gyr_X	Gyr_Y	Gyr_Z	Mat[1][1]	Mat[2][1]	Mat[3][1]	Mat[1][2]	Mat[2][2]	Mat[3][2]	Mat[1][3]	Mat[2][3]	Mat[3][3]
28840	9.528432	-0.060754	-2.389680	0.000462	0.004526	-0.001675	0.245329	0.013600	0.969344	0.087556	-0.996126	-0.008184	0.965478	0.086880	-0.245570
28841	9.536912	-0.089407	-2.434963	0.000454	0.001385	-0.003085	0.245334	0.013610	0.969343	0.087566	-0.996125	-0.008176	0.965476	0.086887	-0.245575
28842	9.504718	-0.108427	-2.415448	-0.001060	0.001464	-0.003272	0.245338	0.013622	0.969342	0.087562	-0.996126	-0.008164	0.965475	0.086881	-0.245580
28843	9.536989	-0.088828	-2.434685	-0.001240	0.001538	-0.001756	0.245343	0.013619	0.969341	0.087552	-0.996126	-0.008165	0.965475	0.086871	-0.245585
28844	9.504832	-0.107848	-2.415026	0.000822	0.004378	-0.004707	0.245318	0.013643	0.969347	0.087569	-0.996125	-0.008142	0.965480	0.086882	-0.245562
28845	9.537137	-0.088229	-2.434124	0.000274	0.001459	-0.001569	0.245324	0.013638	0.969345	0.087573	-0.996125	-0.008149	0.965478	0.086888	-0.245567
28846	9.513604	-0.085596	-2.439987	0.000180	-0.000074	-0.001516	0.245344	0.013634	0.969340	0.087576	-0.996124	-0.008155	0.965472	0.086892	-0.245587
28847	9.537212	-0.087846	-2.433846	-0.000872	0.004530	-0.003378	0.245318	0.013644	0.969347	0.087574	-0.996125	-0.008142	0.965479	0.086886	-0.245562
28848	9.537270	-0.087717	-2.433624	-0.001694	0.000153	0.001329	0.245339	0.013612	0.969342	0.087551	-0.996126	-0.008171	0.965476	0.086872	-0.245580
28849	9.520207	-0.080578	-2.362609	0.000548	0.002919	-0.003138	0.245329	0.013621	0.969344	0.087562	-0.996126	-0.008163	0.965477	0.086880	-0.245571
28850	9.534386	-0.111521	-2.431581	-0.002753	0.001616	-0.001943	0.245334	0.013620	0.969343	0.087539	-0.996128	-0.008160	0.965478	0.086857	-0.245577
28851	9.516833	-0.060556	-2.440726	0.000094	0.001533	-0.000053	0.245341	0.013600	0.969342	0.087538	-0.996128	-0.008180	0.965477	0.086861	-0.245581
28852	9.531743	-0.084720	-2.409339	-0.004267	0.001695	-0.002131	0.245344	0.013600	0.969341	0.087500	-0.996131	-0.008171	0.965479	0.086822	-0.245585
28853	9.508249	-0.082102	-2.415048	0.001702	0.002988	0.000081	0.245336	0.013577	0.969343	0.087514	-0.996130	-0.008197	0.965480	0.086842	-0.245575
28854	9.540539	-0.062564	-2.434200	-0.004087	0.001621	-0.003647	0.245339	0.013593	0.969342	0.087481	-0.996133	-0.008173	0.965482	0.086804	-0.245580
28855	9.531896	-0.084196	-2.408752	0.001608	0.001455	0.000134	0.245346	0.013571	0.969340	0.087494	-0.996131	-0.008199	0.965479	0.086823	-0.245585
28856	9.531951	-0.083884	-2.408544	-0.002119	0.002928	-0.006544	0.245334	0.013615	0.969343	0.087487	-0.996132	-0.008152	0.965483	0.086805	-0.245576
28857	9.514161	-0.083260	-2.437895	0.000454	0.001385	-0.003085	0.245338	0.013625	0.969342	0.087497	-0.996131	-0.008144	0.965481	0.086812	-0.245581
28858	9.511239	-0.107248	-2.436010	0.001882	0.002914	-0.001435	0.245331	0.013617	0.969344	0.087517	-0.996130	-0.008157	0.965481	0.086835	-0.245573
28859	9.540796	-0.061200	-2.433228	0.000454	0.001385	-0.003085	0.245336	0.013627	0.969342	0.087527	-0.996129	-0.008149	0.965479	0.086843	-0.245579
28860	9.508599	-0.080289	-2.413733	0.001968	0.001307	-0.002898	0.245341	0.013635	0.969341	0.087550	-0.996127	-0.008147	0.965475	0.086865	-0.245585
28861	9.529232	-0.106610	-2.405907	-0.003993	0.003154	-0.003700	0.245329	0.013650	0.969344	0.087519	-0.996130	-0.008123	0.965481	0.086828	-0.245574
28862	9.543697	-0.086963	-2.454531	0.000008	0.003141	0.001410	0.245321	0.013614	0.969346	0.087513	-0.996130	-0.008158	0.965484	0.086832	-0.245563
28863	9.511760	-0.055573	-2.414690	0.001968	0.001307	-0.002897	0.245327	0.013622	0.969345	0.087537	-0.996128	-0.008156	0.965480	0.086854	-0.245569
28864	9.505887	-0.103706	-2.411051	-0.001052	0.004604	-0.001862	0.245303	0.013618	0.969351	0.087529	-0.996129	-0.008156	0.965487	0.086847	-0.245545
28865	9.506180	-0.052747	-2.390573	-0.001153	-0.000069	-0.003219	0.245322	0.013631	0.969346	0.087524	-0.996129	-0.008143	0.965483	0.086838	-0.245565
28866	9.532486	-0.081481	-2.406508	-0.001240	0.001538	-0.001756	0.245325	0.013628	0.969345	0.087513	-0.996130	-0.008144	0.965483	0.086828	-0.245569
28867	9.538235	-0.083625	-2.429984	-0.001240	0.001538	-0.001756	0.245330	0.013625	0.969344	0.087503	-0.996131	-0.008145	0.965483	0.086819	-0.245573
28868	9.532581	-0.081182	-2.406144	0.000188	0.003067	-0.000106	0.245322	0.013604	0.969346	0.087503	-0.996131	-0.008166	0.965484	0.086824	-0.245563
28869	9.538329	-0.083353	-2.429622	-0.001153	-0.000069	-0.003219	0.245341	0.013616	0.969341	0.087498	-0.996131	-0.008153	0.965480	0.086815	-0.245583
28870	9.491246	-0.078109	-2.441442	0.001968	0.001307	-0.002897	0.245346	0.013625	0.969340	0.087521	-0.996129	-0.008151	0.965477	0.086838	-0.245589
28871	9.558983	-0.109485	-2.421733	-0.002660	0.003149	-0.001997	0.245335	0.013623	0.969343	0.087498	-0.996131	-0.008146	0.965482	0.086814	-0.245578
28872	9.509197	-0.077697	-2.411462	0.002148	0.001234	-0.004413	0.245341	0.013647	0.969341	0.087527	-0.996129	-0.008129	0.965478	0.086837	-0.245586
28873	9.541464	-0.058032	-2.430683	-0.002753	0.001616	-0.001944	0.245345	0.013646	0.969340	0.087502	-0.996131	-0.008124	0.965479	0.086813	-0.245590
28874	9.506284	-0.101325	-2.409584	0.001874	-0.000226	-0.002844	0.245367	0.013655	0.969334	0.087526	-0.996129	-0.008123	0.965471	0.086835	-0.245612
28875	9.532838	-0.079415	-2.405184	-0.001146	0.003071	-0.001809	0.245357	0.013651	0.969337	0.087517	-0.996130	-0.008124	0.965474	0.086827	-0.245602
28876	9.517841	-0.105575	-2.456334	0.002155	0.004374	-0.003003	0.245334	0.013658	0.969342	0.087543	-0.996128	-0.008121	0.965478	0.086851	-0.245579
28877	9.533023	-0.078997	-2.404463	-0.004354	0.003301	-0.000669	0.245322	0.013643	0.969346	0.087500	-0.996131	-0.008125	0.965485	0.086811	-0.245567
28878	9.515209	-0.078663	-2.433954	0.001781	-0.001759	-0.002791	0.245357	0.013652	0.969337	0.087522	-0.996129	-0.008124	0.965474	0.086831	-0.245603
28879	9.506564	-0.100217	-2.408526	-0.000872	0.004531	-0.003378	0.245332	0.013663	0.969343	0.087519	-0.996130	-0.008110	0.965481	0.086826	-0.245578
28880	9.533172	-0.078343	-2.403896	0.000187	0.003067	-0.000106	0.245323	0.013642	0.969345	0.087519	-0.996130	-0.008131	0.965483	0.086831	-0.245568
28881	9.506694	-0.099900	-2.408026	0.000361	-0.000148	-0.003032	0.245343	0.013653	0.969340	0.087528	-0.996129	-0.008123	0.965477	0.086837	-0.245588
28882	9.556811	-0.080390	-2.397606	0.000641	0.004453	-0.003190	0.245318	0.013662	0.969346	0.087539	-0.996128	-0.008115	0.965482	0.086847	-0.245565
28883	9.533354	-0.077671	-2.403193	-0.001146	0.003071	-0.001809	0.245308	0.013658	0.969349	0.087530	-0.996129	-0.008116	0.965486	0.086838	-0.245554
28884	9.515562	-0.077269	-2.432617	-0.001153	-0.000070	-0.003219	0.245329	0.013671	0.969343	0.087525	-0.996129	-0.008103	0.965481	0.086830	-0.245576
28885	9.544886	-0.081698	-2.450084	0.000822	0.004379	-0.004706	0.245304	0.013695	0.969350	0.087543	-0.996128	-0.008080	0.965486	0.086841	-0.245553
28886	9.533502	-0.076878	-2.402633	-0.000181	0.000074	0.001516	0.245325	0.013661	0.969345	0.087534	-0.996128	-0.008115	0.965481	0.086841	-0.245571
28887	9.512747	-0.100831	-2.430391	0.003756	0.002689	-0.004278	0.245316	0.013682	0.969347	0.087578	-0.996125	-0.008104	0.965479	0.086882	-0.245564
28888	9.513000	-0.049815	-2.409926	-0.001059	0.001464	-0.003272	0.245320	0.013694	0.969345	0.087574	-0.996125	-0.008091	0.965479	0.086875	-0.245569
28889	9.515781	-0.076063	-2.431800	-0.001333	0.000004	-0.001704	0.245339	0.013691	0.969341	0.087563	-0.996126	-0.008093	0.965475	0.086864	-0.245588
28890	9.536409	-0.102442	-2.424033	-0.000966	0.002997	-0.003325	0.245328	0.013702	0.969343	0.087561	-0.996126	-0.008080	0.965478	0.086859	-0.245578
28891	9.510153	-0.073218	-2.407827	0.000274	0.001460	-0.001569	0.245334	0.013697	0.969342	0.087565	-0.996126	-0.008087	0.965476	0.086864	-0.245583
28892	9.539479	-0.077810	-2.425287	0.000548	0.002919	-0.003137	0.245324	0.013706	0.969344	0.087576	-0.996125	-0.008079	0.965477	0.086873	-0.245574
28893	9.513050	-0.099150	-2.429275	-0.003993	0.003153	-0.003701	0.245311	0.013721	0.969347	0.087544	-0.996128	-0.008055	0.965484	0.086836	-0.245562
28894	9.516027	-0.074778	-2.430877	0.001420	-0.001611	0.000241	0.245348	0.013700	0.969338	0.087555	-0.996127	-0.008082	0.965473	0.086853	-0.245597
28895	9.536656	-0.101279	-2.423112	-0.000872	0.004531	-0.003378	0.245322	0.013711	0.969345	0.087552	-0.996127	-0.008068	0.965480	0.086848	-0.245572
28896	9.539649	-0.076862	-2.424648	0.000087	-0.001607	-0.001463	0.245357	0.013707	0.969336	0.087554	-0.996127	-0.008075	0.965471	0.086850	-0.245606
28897	9.501696	-0.093734	-2.381692	-0.001240	0.001538	-0.001756	0.245361	0.013704	0.969335	0.087544	-0.996128	-0.008076	0.965471	0.086841	-0.245611
28898	9.557510	-0.076682	-2.394942	0.001788	0.001382	-0.001381	0.245368	0.013698	0.969333	0.087562	-0.996126	-0.008088	0.965467	0.086862	-0.245617
28899	9.489691	-0.095695	-2.434524	-0.002841	0.003223	-0.000481	0.245358	0.013680	0.969336	0.087534	-0.996129	-0.008098	0.965473	0.086836	-0.245605
28900	9.534073	-0.073873	-2.400462	0.002149	0.001235	-0.004412	0.245363	0.013703	0.969335	0.087564	-0.996126	-0.008083	0.965469	0.086862	-0.245612
28901	9.501863	-0.092984	-2.381055	-0.004541	0.000233	-0.000564	0.245381	0.013689	0.969330	0.087519	-0.996130	-0.008087	0.965468	0.086819	-0.245629
28902	9.545565	-0.078080	-2.447556	0.001968	0.001308	-0.002897	0.245387	0.013698	0.969329	0.087543	-0.996128	-0.008085	0.965464	0.086842	-0.245636
28903	9.534168	-0.073310	-2.400102	-0.003022	0.003296	0.001034	0.245377	0.013665	0.969332	0.087509	-0.996131	-0.008109	0.965470	0.086815	-0.245623
28904	9.531273	-0.097331	-2.398203	-0.001059	0.001464	-0.003272	0.245380	0.013677	0.969330	0.087504	-0.996131	-0.008096	0.965470	0.086807	-0.245628
28905	9.522173	-0.074992	-2.452924	-0.002573	0.001542	-0.003460	0.245383	0.013691	0.969329	0.087485	-0.996133	-0.008077	0.965471	0.086784	-0.245632
28906	9.516483	-0.072462	-2.429161	0.000093	0.001533	-0.000053	0.245390	0.013671	0.969328	0.087484	-0.996133	-0.008098	0.965469	0.086788	-0.245637
28907	9.540087	-0.074753	-2.422990	-0.000966	0.002997	-0.003325	0.245379	0.013683	0.969331	0.087481	-0.996133	-0.008084	0.965472	0.086781	-0.245627
28908	9.519968	-0.091598	-2.350401	-0.001245	-0.001603	-0.003167	0.245413	0.013697	0.969322	0.087473	-0.996134	-0.008071	0.965464	0.086770	-0.245662
28909	9.531464	-0.096022	-2.397497	0.000460	0.004527	-0.001674	0.245388	0.013690	0.969328	0.087479	-0.996134	-0.008077	0.965470	0.086778	-0.245637
28910	9.510958	-0.069376	-2.404759	0.000005	0.003141	0.001410	0.245379	0.013653	0.969331	0.087474	-0.996134	-0.008113	0.965473	0.086782	-0.245625
28911	9.516725	-0.071426	-2.428244	0.000904	-0.000368	-0.007579	0.245397	0.013710	0.969326	0.087499	-0.996132	-0.008062	0.965466	0.086794	-0.245647
28912	9.513810	-0.095306	-2.426450	0.003213	0.002912	0.000271	0.245389	0.013685	0.969328	0.087528	-0.996129	-0.008095	0.965465	0.086830	-0.245637
28913	9.511100	-0.068651	-2.404220	-0.002479	0.003075	-0.003513	0.245378	0.013698	0.969331	0.087510	-0.996131	-0.008076	0.965470	0.086808	-0.245627
28914	9.537471	-0.097422	-2.420061	0.000000	0.000000	0.000000	0.245378	0.013697	0.969331	0.087510	-0.996131	-0.008076	0.965469	0.086808	-0.245628
28915	9.511174	-0.068311	-2.403936	0.000548	0.002920	-0.003137	0.245368	0.013707	0.969333	0.087521	-0.996130	-0.008068	0.965471	0.086817	-0.245619
28916	9.531831	-0.094679	-2.396090	-0.002753	0.001615	-0.001945	0.245373	0.013706	0.969332	0.087496	-0.996132	-0.008063	0.965472	0.086791	-0.245623
28917	9.537622	-0.096908	-2.419487	0.001700	0.002989	0.000083	0.245365	0.013684	0.969334	0.087510	-0.996131	-0.008089	0.965473	0.086811	-0.245613
28918	9.505466	-0.116109	-2.399881	0.000729	0.002846	-0.004653	0.245353	0.013708	0.969337	0.087525	-0.996130	-0.008067	0.965475	0.086820	-0.245603
28919	9.543523	-0.098666	-2.442472	-0.000873	0.004531	-0.003378	0.245327	0.013719	0.969343	0.087523	-0.996130	-0.008053	0.965481	0.086815	-0.245578
28920	9.535088	-0.069582	-2.396553	0.000367	0.002993	-0.001621	0.245318	0.013713	0.969346	0.087528	-0.996129	-0.008059	0.965483	0.086822	-0.245569
28921	9.514390	-0.093464	-2.424245	-0.001240	0.001537	-0.001757	0.245322	0.013710	0.969345	0.087518	-0.996130	-0.008060	0.965483	0.086813	-0.245573
28922	9.535180	-0.069267	-2.396197	0.001788	0.001382	-0.001380	0.245329	0.013704	0.969343	0.087535	-0.996129	-0.008072	0.965480	0.086832	-0.245579
28923	9.508745	-0.090819	-2.400275	-0.002660	0.003148	-0.001998	0.245318	0.013702	0.969346	0.087512	-0.996131	-0.008067	0.965485	0.086809	-0.245568
28924	9.514504	-0.092954	-2.423818	0.000088	-0.001607	-0.001463	0.245353	0.013699	0.969337	0.087514	-0.996131	-0.008074	0.965476	0.086811	-0.245602
28925	9.517448	-0.068581	-2.425489	-0.002753	0.001615	-0.001945	0.245356	0.013697	0.969336	0.087490	-0.996133	-0.008069	0.965477	0.086787	-0.245606
28926	9.511707	-0.066069	-2.401887	0.004810	-0.001913	-0.002414	0.245394	0.013704	0.969327	0.087539	-0.996128	-0.008078	0.965463	0.086837	-0.245643
28927	9.514538	-0.092349	-2.423706	-0.000873	0.004531	-0.003378	0.245368	0.013714	0.969333	0.087537	-0.996129	-0.008065	0.965470	0.086831	-0.245618
28928	9.558767	-0.121232	-2.409814	-0.001421	0.001611	-0.000241	0.245373	0.013696	0.969332	0.087522	-0.996130	-0.008080	0.965470	0.086820	-0.245622
28929	9.520534	-0.043622	-2.426613	0.000455	0.001387	-0.003084	0.245378	0.013706	0.969331	0.087531	-0.996129	-0.008073	0.965468	0.086828	-0.245627
28930	9.514709	-0.091738	-2.423061	-0.001147	0.003071	-0.001809	0.245367	0.013702	0.969333	0.087523	-0.996130	-0.008074	0.965471	0.086820	-0.245617
28931	9.514745	-0.091596	-2.422922	0.001695	-0.000151	-0.001327	0.245389	0.013696	0.969328	0.087540	-0.996128	-0.008087	0.965464	0.086840	-0.245637
28932	9.541267	-0.069682	-2.418493	0.000548	0.002920	-0.003137	0.245378	0.013705	0.969331	0.087551	-0.996127	-0.008079	0.965466	0.086848	-0.245628
28933	9.509115	-0.088715	-2.398887	-0.003993	0.003152	-0.003702	0.245365	0.013720	0.969334	0.087519	-0.996130	-0.008054	0.965472	0.086811	-0.245617
28934	9.538424	-0.093297	-2.416462	0.001421	-0.001611	0.000241	0.245402	0.013699	0.969325	0.087530	-0.996129	-0.008081	0.965462	0.086828	-0.245651
28935	9.497094	-0.090628	-2.451939	-0.002660	0.003148	-0.001998	0.245391	0.013697	0.969327	0.087507	-0.996131	-0.008077	0.965467	0.086805	-0.245640
28936	9.538502	-0.092902	-2.416171	-0.001058	0.001464	-0.003272	0.245394	0.013709	0.969327	0.087502	-0.996132	-0.008064	0.965466	0.086797	-0.245644
28937	9.535732	-0.066015	-2.394093	0.000636	0.001313	-0.004600	0.245398	0.013734	0.969325	0.087517	-0.996131	-0.008042	0.965464	0.086806	-0.245650
28938	9.532796	-0.089887	-2.392435	-0.001425	-0.001530	-0.001651	0.245433	0.013733	0.969316	0.087505	-0.996132	-0.008043	0.965456	0.086794	-0.245685
28939	9.491447	-0.087083	-2.427994	0.000455	0.001387	-0.003084	0.245438	0.013743	0.969315	0.087515	-0.996131	-0.008036	0.965454	0.086802	-0.245691
28940	9.538596	-0.091804	-2.415841	-0.001328	0.003144	-0.000294	0.245427	0.013724	0.969318	0.087500	-0.996132	-0.008051	0.965458	0.086791	-0.245679
28941	9.512332	-0.062609	-2.399506	0.000822	0.004380	-0.004705	0.245402	0.013748	0.969324	0.087517	-0.996131	-0.008028	0.965463	0.086802	-0.245656
28942	9.547426	-0.069367	-2.440552	-0.002846	0.000081	-0.001893	0.245421	0.013748	0.969319	0.087491	-0.996133	-0.008024	0.965460	0.086776	-0.245675
28943	9.477247	-0.105622	-2.378250	0.001969	0.001310	-0.002896	0.245427	0.013756	0.969318	0.087515	-0.996131	-0.008022	0.965457	0.086799	-0.245681
28944	9.541733	-0.066616	-2.416740	0.000274	0.001460	-0.001568	0.245432	0.013751	0.969316	0.087520	-0.996130	-0.008029	0.965455	0.086805	-0.245685
28945	9.518126	-0.114687	-2.442773	-0.001147	0.003071	-0.001809	0.245421	0.013747	0.969319	0.087511	-0.996131	-0.008030	0.965459	0.086797	-0.245675
28946	9.518317	-0.063926	-2.422206	0.001699	0.002990	0.000083	0.245414	0.013725	0.969321	0.087524	-0.996130	-0.008055	0.965459	0.086816	-0.245665
28947	9.512509	-0.112212	-2.418656	-0.001240	0.001537	-0.001757	0.245418	0.013721	0.969320	0.087514	-0.996131	-0.008056	0.965459	0.086807	-0.245669
28948	9.509728	-0.085494	-2.396574	0.001969	0.001310	-0.002896	0.245425	0.013730	0.969318	0.087538	-0.996129	-0.008054	0.965455	0.086828	-0.245677
28949	9.509784	-0.085156	-2.396363	-0.003993	0.003152	-0.003702	0.245412	0.013745	0.969321	0.087506	-0.996132	-0.008029	0.965461	0.086792	-0.245666
28950	9.515554	-0.087145	-2.419911	0.001784	-0.001757	-0.002790	0.245447	0.013755	0.969312	0.087527	-0.996130	-0.008027	0.965450	0.086812	-0.245702
28951	9.504089	-0.082214	-2.372552	-0.000873	0.004531	-0.003378	0.245422	0.013766	0.969319	0.087525	-0.996130	-0.008014	0.965457	0.086806	-0.245677
28952	9.515665	-0.086593	-2.419490	-0.001240	0.001537	-0.001757	0.245426	0.013763	0.969318	0.087515	-0.996131	-0.008015	0.965457	0.086797	-0.245681
28953	9.539267	-0.088861	-2.413300	0.000366	0.002994	-0.001621	0.245416	0.013757	0.969320	0.087520	-0.996130	-0.008021	0.965459	0.086804	-0.245671
28954	9.518723	-0.062096	-2.420657	0.000366	0.002994	-0.001621	0.245407	0.013751	0.969322	0.087525	-0.996130	-0.008028	0.965461	0.086810	-0.245661
28955	9.533626	-0.086221	-2.389259	-0.001332	0.000004	-0.001704	0.245427	0.013749	0.969318	0.087514	-0.996131	-0.008029	0.965457	0.086800	-0.245681
28956	9.524530	-0.064038	-2.444064	0.001969	0.001310	-0.002895	0.245432	0.013757	0.969316	0.087538	-0.996129	-0.008027	0.965453	0.086822	-0.245687
28957	9.533679	-0.085823	-2.389063	0.000274	0.001460	-0.001568	0.245438	0.013752	0.969315	0.087542	-0.996128	-0.008033	0.965452	0.086827	-0.245691
28958	9.539450	-0.088005	-2.412609	0.000182	-0.000073	-0.001516	0.245458	0.013748	0.969310	0.087545	-0.996128	-0.008041	0.965446	0.086832	-0.245712
28959	9.548071	-0.116635	-2.458022	-0.002661	0.003148	-0.001998	0.245447	0.013746	0.969313	0.087522	-0.996130	-0.008036	0.965451	0.086809	-0.245700
28960	9.486702	-0.080387	-2.400585	-0.001240	0.001537	-0.001757	0.245453	0.013743	0.969311	0.087513	-0.996131	-0.008037	0.965450	0.086800	-0.245706
28961	9.539583	-0.087369	-2.412106	0.001969	0.001310	-0.002895	0.245459	0.013751	0.969310	0.087537	-0.996129	-0.008035	0.965447	0.086823	-0.245712
28962	9.521848	-0.087042	-2.441487	-0.001147	0.003071	-0.001809	0.245449	0.013747	0.969312	0.087528	-0.996130	-0.008037	0.965450	0.086815	-0.245702
28963	9.536789	-0.111162	-2.409942	0.000366	0.002994	-0.001621	0.245440	0.013741	0.969314	0.087533	-0.996129	-0.008043	0.965452	0.086822	-0.245692
28964	9.530658	-0.064824	-2.466271	0.001969	0.001310	-0.002895	0.245446	0.013749	0.969313	0.087558	-0.996127	-0.008042	0.965448	0.086845	-0.245700
28965	9.516257	-0.084175	-2.417248	0.000274	0.001460	-0.001568	0.245452	0.013744	0.969311	0.087562	-0.996127	-0.008048	0.965446	0.086850	-0.245705
28966	9.539841	-0.086313	-2.411123	-0.004085	0.001617	-0.003650	0.245456	0.013760	0.969310	0.087530	-0.996130	-0.008025	0.965448	0.086814	-0.245710
28967	9.492790	-0.081250	-2.422939	0.001606	0.001457	0.000136	0.245463	0.013738	0.969309	0.087543	-0.996128	-0.008051	0.965445	0.086833	-0.245715
28968	9.566298	-0.114908	-2.426803	-0.001058	0.001464	-0.003273	0.245468	0.013750	0.969307	0.087539	-0.996129	-0.008038	0.965444	0.086825	-0.245722
28969	9.492865	-0.080842	-2.422659	-0.001240	0.001537	-0.001757	0.245473	0.013747	0.969306	0.087529	-0.996130	-0.008039	0.965444	0.086816	-0.245726
28970	9.545752	-0.087828	-2.434161	-0.001240	0.001537	-0.001757	0.245477	0.013744	0.969305	0.087518	-0.996130	-0.008039	0.965444	0.086805	-0.245730
28971	9.516486	-0.082906	-2.416390	0.000274	0.001460	-0.001568	0.245483	0.013740	0.969304	0.087522	-0.996130	-0.008046	0.965442	0.086811	-0.245735
28972	9.516507	-0.082850	-2.416311	-0.003209	0.000227	0.001138	0.245503	0.013709	0.969299	0.087486	-0.996133	-0.008070	0.965440	0.086781	-0.245753
28973	9.540108	-0.085082	-2.410109	0.000822	0.004381	-0.004704	0.245478	0.013733	0.969305	0.087503	-0.996132	-0.008047	0.965445	0.086792	-0.245730
28974	9.501772	-0.058172	-2.447072	0.001606	0.001457	0.000136	0.245364	0.013659	0.969335	0.087584	-0.996124	-0.008134	0.965466	0.086894	-0.245609
28975	9.516710	-0.082458	-2.415522	-0.001237	0.004678	-0.000346	0.245339	0.013639	0.969341	0.087571	-0.996125	-0.008149	0.965474	0.086885	-0.245583
28976	9.548992	-0.062925	-2.434592	0.000182	-0.000073	-0.001516	0.245359	0.013635	0.969337	0.087573	-0.996125	-0.008155	0.965469	0.086889	-0.245602
28977	9.525466	-0.060354	-2.440511	0.000274	0.001460	-0.001568	0.245364	0.013630	0.969335	0.087577	-0.996124	-0.008162	0.965467	0.086894	-0.245607
28978	9.546147	-0.086821	-2.432649	0.000366	0.002994	-0.001621	0.245355	0.013624	0.969338	0.087582	-0.996124	-0.008168	0.965469	0.086901	-0.245597
28979	9.496268	-0.055247	-2.422466	0.000456	0.001387	-0.003084	0.245360	0.013634	0.969336	0.087592	-0.996123	-0.008160	0.965467	0.086908	-0.245603
28980	9.540477	-0.084089	-2.408684	-0.002935	0.001687	-0.000430	0.245364	0.013618	0.969335	0.087563	-0.996126	-0.008171	0.965468	0.086882	-0.245606
28981	9.534751	-0.081502	-2.384932	0.000638	0.001314	-0.004599	0.245369	0.013643	0.969334	0.087578	-0.996124	-0.008149	0.965466	0.086892	-0.245612
28982	9.525688	-0.059345	-2.439669	0.001606	0.001457	0.000136	0.245376	0.013621	0.969332	0.087591	-0.996123	-0.008176	0.965463	0.086911	-0.245617
28983	9.540588	-0.083632	-2.408262	-0.001422	0.001610	-0.000241	0.245381	0.013602	0.969331	0.087576	-0.996124	-0.008191	0.965463	0.086900	-0.245621
28984	9.514186	-0.105259	-2.412365	-0.001148	0.003071	-0.001810	0.245372	0.013598	0.969334	0.087566	-0.996125	-0.008192	0.965466	0.086891	-0.245612
28985	9.549402	-0.061440	-2.433020	-0.001148	0.003071	-0.001810	0.245361	0.013594	0.969336	0.087557	-0.996126	-0.008193	0.965470	0.086883	-0.245601
28986	9.511485	-0.078359	-2.389836	-0.001148	0.003071	-0.001810	0.245351	0.013590	0.969339	0.087548	-0.996127	-0.008194	0.965473	0.086874	-0.245590
28987	9.523077	-0.082796	-2.436836	-0.001240	0.001537	-0.001757	0.245355	0.013587	0.969338	0.087538	-0.996127	-0.008195	0.965473	0.086865	-0.245595
28988	9.540874	-0.082821	-2.407155	-0.003209	0.000226	0.001138	0.245375	0.013555	0.969333	0.087503	-0.996130	-0.008220	0.965471	0.086836	-0.245612
28989	9.496643	-0.104372	-2.441083	0.001878	-0.000223	-0.002842	0.245396	0.013565	0.969328	0.087526	-0.996128	-0.008218	0.965464	0.086858	-0.245633
28990	9.540894	-0.082387	-2.407090	-0.004085	0.001617	-0.003651	0.245397	0.013580	0.969328	0.087493	-0.996131	-0.008194	0.965466	0.086820	-0.245636
28991	9.514496	-0.103850	-2.411201	0.000366	0.002994	-0.001620	0.245388	0.013574	0.969330	0.087498	-0.996131	-0.008201	0.965468	0.086827	-0.245626
28992	9.517464	-0.079523	-2.412650	0.000274	0.001461	-0.001568	0.245395	0.013569	0.969328	0.087503	-0.996130	-0.008208	0.965466	0.086834	-0.245632
28993	9.520412	-0.055225	-2.414174	0.001788	0.001384	-0.001379	0.245401	0.013562	0.969327	0.087522	-0.996129	-0.008220	0.965463	0.086854	-0.245638
28994	9.520430	-0.054986	-2.414108	-0.002663	0.000007	-0.003409	0.245419	0.013577	0.969322	0.087503	-0.996131	-0.008202	0.965460	0.086831	-0.245657
28995	9.546851	-0.083641	-2.429996	0.000274	0.001461	-0.001568	0.245424	0.013572	0.969321	0.087507	-0.996130	-0.008209	0.965458	0.086837	-0.245662
28996	9.523345	-0.081076	-2.435848	0.000274	0.001461	-0.001568	0.245431	0.013567	0.969319	0.087511	-0.996130	-0.008216	0.965456	0.086842	-0.245668
28997	9.494068	-0.076196	-2.418093	0.000274	0.001461	-0.001568	0.245436	0.013562	0.969318	0.087515	-0.996129	-0.008222	0.965454	0.086848	-0.245673
28998	9.538299	-0.105079	-2.404235	0.000366	0.002994	-0.001620	0.245427	0.013556	0.969320	0.087520	-0.996129	-0.008229	0.965456	0.086854	-0.245664
28999	9.514832	-0.102457	-2.409937	-0.002661	0.003147	-0.001999	0.245416	0.013554	0.969323	0.087497	-0.996131	-0.008224	0.965461	0.086831	-0.245652
29000	9.512007	-0.075665	-2.387843	-0.001149	-0.000070	-0.003220	0.245435	0.013566	0.969318	0.087492	-0.996131	-0.008211	0.965457	0.086823	-0.245672
29001	9.544208	-0.106604	-2.427335	-0.002753	0.001613	-0.001946	0.245438	0.013565	0.969317	0.087468	-0.996134	-0.008207	0.965458	0.086798	-0.245676
29002	9.520767	-0.053278	-2.412817	-0.001148	0.003071	-0.001809	0.245429	0.013561	0.969320	0.087459	-0.996134	-0.008208	0.965461	0.086790	-0.245666
29003	9.541439	-0.079711	-2.405021	0.000182	-0.000073	-0.001516	0.245449	0.013557	0.969315	0.087462	-0.996134	-0.008215	0.965456	0.086795	-0.245686
29004	9.529481	-0.081705	-2.458097	0.000548	0.002921	-0.003136	0.245439	0.013566	0.969317	0.087474	-0.996133	-0.008207	0.965457	0.086804	-0.245677
29005	9.509327	-0.098723	-2.385320	-0.004357	0.003296	-0.000672	0.245428	0.013551	0.969320	0.087431	-0.996137	-0.008211	0.965464	0.086764	-0.245664
29006	9.523824	-0.079009	-2.434042	0.000182	-0.000073	-0.001516	0.245449	0.013546	0.969315	0.087435	-0.996136	-0.008220	0.965458	0.086770	-0.245685
29007	9.515179	-0.100738	-2.408637	0.000366	0.002995	-0.001620	0.245440	0.013540	0.969317	0.087440	-0.996136	-0.008226	0.965460	0.086776	-0.245675
29008	9.515218	-0.100611	-2.408489	-0.003027	0.000153	-0.000379	0.245459	0.013524	0.969313	0.087410	-0.996138	-0.008237	0.965458	0.086749	-0.245693
29009	9.521087	-0.052018	-2.411581	-0.000874	0.004532	-0.003377	0.245433	0.013534	0.969319	0.087408	-0.996139	-0.008223	0.965465	0.086744	-0.245668
29010	9.541799	-0.078349	-2.403638	-0.001239	0.001537	-0.001757	0.245437	0.013531	0.969318	0.087398	-0.996140	-0.008224	0.965465	0.086735	-0.245672
29011	9.518294	-0.075762	-2.409494	0.000274	0.001461	-0.001568	0.245442	0.013526	0.969317	0.087402	-0.996139	-0.008231	0.965463	0.086740	-0.245676
29012	9.550546	-0.106784	-2.448836	-0.002661	0.003147	-0.001999	0.245432	0.013524	0.969319	0.087379	-0.996141	-0.008226	0.965468	0.086717	-0.245667
29013	9.524224	-0.077672	-2.432519	0.000457	0.004528	-0.001672	0.245408	0.013517	0.969326	0.087385	-0.996141	-0.008232	0.965473	0.086725	-0.245642
29014	9.536261	-0.075464	-2.379084	-0.000182	0.000073	0.001516	0.245429	0.013482	0.969321	0.087378	-0.996141	-0.008269	0.965469	0.086726	-0.245660
29015	9.530078	-0.079933	-2.455840	0.001970	0.001312	-0.002894	0.245435	0.013490	0.969319	0.087402	-0.996139	-0.008267	0.965465	0.086749	-0.245666
29016	9.518572	-0.075030	-2.408420	-0.000965	0.002998	-0.003325	0.245426	0.013501	0.969321	0.087399	-0.996139	-0.008254	0.965468	0.086744	-0.245658
29017	9.539248	-0.101389	-2.400624	0.000182	-0.000073	-0.001516	0.245446	0.013497	0.969316	0.087402	-0.996139	-0.008261	0.965462	0.086748	-0.245678
29018	9.521524	-0.101099	-2.430100	0.002062	0.002846	-0.002946	0.245437	0.013504	0.969318	0.087428	-0.996137	-0.008260	0.965462	0.086773	-0.245669
29019	9.512935	-0.072053	-2.384257	-0.002661	0.003147	-0.001999	0.245426	0.013502	0.969321	0.087405	-0.996139	-0.008255	0.965467	0.086750	-0.245658
29020	9.515854	-0.098447	-2.406063	0.001513	-0.000076	0.000189	0.245447	0.013481	0.969316	0.087416	-0.996137	-0.008281	0.965461	0.086766	-0.245677
29021	9.518809	-0.074076	-2.407512	0.000822	0.004383	-0.004703	0.245421	0.013505	0.969323	0.087433	-0.996136	-0.008259	0.965466	0.086778	-0.245654
29022	9.524630	-0.076145	-2.430979	-0.001605	-0.001458	-0.000137	0.245456	0.013489	0.969314	0.087415	-0.996138	-0.008274	0.965459	0.086763	-0.245687
29023	9.524649	-0.076046	-2.430907	0.000366	0.002995	-0.001620	0.245446	0.013483	0.969316	0.087420	-0.996137	-0.008280	0.965460	0.086770	-0.245677
29024	9.518939	-0.073495	-2.407015	-0.000965	0.002998	-0.003325	0.245435	0.013493	0.969319	0.087417	-0.996137	-0.008268	0.965464	0.086764	-0.245667
29025	9.521883	-0.099692	-2.428749	-0.002753	0.001613	-0.001947	0.245439	0.013492	0.969318	0.087393	-0.996140	-0.008263	0.965465	0.086740	-0.245670
29026	9.542595	-0.075384	-2.400570	-0.001148	0.003071	-0.001809	0.245429	0.013488	0.969321	0.087384	-0.996140	-0.008264	0.965468	0.086731	-0.245660
29027	9.522000	-0.099267	-2.428310	-0.001239	0.001537	-0.001757	0.245433	0.013485	0.969320	0.087374	-0.996141	-0.008265	0.965468	0.086722	-0.245664
29028	9.519147	-0.072562	-2.406221	0.001970	0.001312	-0.002894	0.245438	0.013494	0.969318	0.087397	-0.996139	-0.008263	0.965464	0.086744	-0.245670
29029	9.519145	-0.072520	-2.406228	-0.000274	-0.001461	0.001568	0.245475	0.013460	0.969310	0.087389	-0.996140	-0.008298	0.965456	0.086744	-0.245703
29030	9.522054	-0.098871	-2.428114	0.000731	0.002849	-0.004651	0.245464	0.013484	0.969312	0.087405	-0.996139	-0.008276	0.965457	0.086754	-0.245695
29031	9.525008	-0.074249	-2.429556	-0.004084	0.001616	-0.003652	0.245466	0.013500	0.969311	0.087372	-0.996142	-0.008252	0.965460	0.086716	-0.245698
29032	9.519258	-0.071746	-2.405805	0.001605	0.001458	0.000137	0.245473	0.013478	0.969310	0.087385	-0.996140	-0.008279	0.965457	0.086736	-0.245703
29033	9.522187	-0.098122	-2.427621	0.000457	0.001388	-0.003083	0.245478	0.013488	0.969308	0.087395	-0.996139	-0.008272	0.965455	0.086743	-0.245709
29034	9.507386	-0.073622	-2.458679	0.000365	0.002995	-0.001620	0.245468	0.013483	0.969311	0.087400	-0.996139	-0.008277	0.965457	0.086749	-0.245699
29035	9.540067	-0.097933	-2.397509	0.000183	0.003068	-0.000104	0.245459	0.013462	0.969313	0.087400	-0.996139	-0.008298	0.965459	0.086754	-0.245688
29036	9.519495	-0.071265	-2.404882	0.000365	0.002995	-0.001620	0.245450	0.013455	0.969316	0.087404	-0.996138	-0.008305	0.965461	0.086761	-0.245678
29037	9.522447	-0.097613	-2.426622	0.000274	0.001461	-0.001568	0.245455	0.013450	0.969315	0.087409	-0.996138	-0.008311	0.965459	0.086767	-0.245683
29038	9.548936	-0.075549	-2.422058	0.000731	0.002849	-0.004651	0.245446	0.013475	0.969317	0.087425	-0.996137	-0.008290	0.965460	0.086778	-0.245676
29039	9.525469	-0.072998	-2.427783	-0.000000	0.003140	0.001411	0.245438	0.013439	0.969319	0.087420	-0.996137	-0.008324	0.965463	0.086781	-0.245664
29040	9.525526	-0.072897	-2.427565	-0.001056	0.001464	-0.003273	0.245442	0.013451	0.969318	0.087415	-0.996137	-0.008311	0.965462	0.086773	-0.245669
29041	9.516877	-0.094397	-2.402175	0.000640	0.001316	-0.004599	0.245446	0.013476	0.969317	0.087430	-0.996136	-0.008289	0.965460	0.086782	-0.245676
29042	9.522727	-0.096391	-2.425571	-0.001148	0.003071	-0.001810	0.245435	0.013472	0.969319	0.087422	-0.996137	-0.008291	0.965463	0.086774	-0.245665
29043	9.525675	-0.072007	-2.427005	-0.001239	0.001537	-0.001757	0.245440	0.013469	0.969318	0.087412	-0.996138	-0.008292	0.965463	0.086765	-0.245669
29044	9.525730	-0.071793	-2.426796	0.002062	0.002846	-0.002945	0.245431	0.013477	0.969320	0.087437	-0.996136	-0.008289	0.965463	0.086789	-0.245661
29045	9.520005	-0.069257	-2.402920	0.002062	0.002846	-0.002945	0.245422	0.013484	0.969323	0.087461	-0.996133	-0.008287	0.965463	0.086812	-0.245652
29046	9.537841	-0.119927	-2.393307	-0.003027	0.003292	0.001031	0.245411	0.013452	0.969326	0.087426	-0.996136	-0.008311	0.965469	0.086784	-0.245639
29047	9.511062	-0.097756	-2.477729	0.001788	-0.001755	-0.002789	0.245447	0.013462	0.969317	0.087448	-0.996134	-0.008309	0.965458	0.086804	-0.245675
29048	9.522987	-0.044632	-2.404214	-0.002753	0.001613	-0.001947	0.245452	0.013460	0.969315	0.087424	-0.996137	-0.008305	0.965459	0.086779	-0.245680
29049	9.517268	-0.092709	-2.400692	-0.000965	0.002998	-0.003325	0.245440	0.013472	0.969318	0.087420	-0.996137	-0.008291	0.965462	0.086773	-0.245670
29050	9.540864	-0.094840	-2.394461	-0.001239	0.001537	-0.001757	0.245445	0.013468	0.969317	0.087409	-0.996138	-0.008293	0.965462	0.086763	-0.245675
29051	9.526066	-0.070317	-2.425520	0.000548	0.002922	-0.003135	0.245435	0.013478	0.969319	0.087420	-0.996137	-0.008285	0.965463	0.086771	-0.245665
29052	9.514504	-0.065400	-2.378178	-0.001147	-0.000070	-0.003221	0.245455	0.013490	0.969314	0.087415	-0.996138	-0.008272	0.965459	0.086763	-0.245686
29053	9.552612	-0.098652	-2.441106	0.000456	0.004529	-0.001672	0.245430	0.013483	0.969320	0.087421	-0.996137	-0.008279	0.965464	0.086771	-0.245661
29054	9.488226	-0.086802	-2.381976	0.000365	0.002995	-0.001620	0.245421	0.013478	0.969323	0.087426	-0.996137	-0.008285	0.965466	0.086777	-0.245651
29055	9.523385	-0.093567	-2.423097	-0.001238	-0.001604	-0.003169	0.245454	0.013491	0.969314	0.087420	-0.996137	-0.008272	0.965458	0.086768	-0.245685
29056	9.499885	-0.090904	-2.428974	-0.001057	0.004605	-0.001862	0.245428	0.013487	0.969321	0.087411	-0.996138	-0.008272	0.965466	0.086760	-0.245659
29057	9.544120	-0.069005	-2.394691	-0.001239	0.001537	-0.001758	0.245433	0.013484	0.969320	0.087401	-0.996139	-0.008273	0.965466	0.086750	-0.245664
29058	9.482300	-0.090396	-2.458025	0.002153	0.004381	-0.002997	0.245409	0.013491	0.969326	0.087427	-0.996137	-0.008271	0.965469	0.086775	-0.245641
29059	9.541383	-0.092831	-2.392472	-0.001422	0.001609	-0.000242	0.245414	0.013472	0.969325	0.087412	-0.996138	-0.008286	0.965469	0.086764	-0.245644
29060	9.526568	-0.068311	-2.423607	0.000641	0.001316	-0.004598	0.245417	0.013497	0.969324	0.087428	-0.996137	-0.008265	0.965467	0.086774	-0.245649
29061	9.526623	-0.067930	-2.423401	-0.000965	0.002998	-0.003325	0.245406	0.013508	0.969326	0.087424	-0.996137	-0.008252	0.965470	0.086768	-0.245639
29062	9.529622	-0.094316	-2.445061	-0.000001	0.003140	0.001411	0.245396	0.013472	0.969329	0.087418	-0.996137	-0.008286	0.965473	0.086770	-0.245626
29063	9.515106	-0.063126	-2.375833	-0.001238	-0.001604	-0.003169	0.245430	0.013486	0.969321	0.087411	-0.996138	-0.008274	0.965465	0.086760	-0.245661
29064	9.550294	-0.069755	-2.416871	-0.002388	0.004607	-0.003567	0.245402	0.013498	0.969327	0.087395	-0.996140	-0.008254	0.965474	0.086740	-0.245634
29065	9.529740	-0.093652	-2.444629	0.000000	0.000000	0.000000	0.245402	0.013498	0.969327	0.087395	-0.996140	-0.008254	0.965474	0.086740	-0.245634
29066	9.523969	-0.091307	-2.420887	0.001878	0.002920	-0.001429	0.245394	0.013490	0.969330	0.087414	-0.996138	-0.008266	0.965474	0.086761	-0.245625
29067	9.521096	-0.064605	-2.398726	-0.001056	0.001464	-0.003273	0.245398	0.013502	0.969328	0.087409	-0.996138	-0.008253	0.965474	0.086754	-0.245630
29068	9.518254	-0.088483	-2.396941	0.000457	0.001389	-0.003083	0.245403	0.013512	0.969327	0.087419	-0.996138	-0.008245	0.965472	0.086761	-0.245636
29069	9.526993	-0.066339	-2.421989	0.002062	0.002847	-0.002945	0.245393	0.013520	0.969329	0.087444	-0.996135	-0.008243	0.965472	0.086785	-0.245627
29070	9.524153	-0.090286	-2.420201	-0.002843	0.000078	-0.001896	0.245413	0.013519	0.969324	0.087420	-0.996137	-0.008240	0.965469	0.086761	-0.245647
29071	9.547730	-0.092477	-2.414029	0.000365	0.002995	-0.001619	0.245404	0.013513	0.969327	0.087426	-0.996137	-0.008247	0.965471	0.086768	-0.245637
29072	9.518417	-0.087701	-2.396321	0.003210	-0.000223	-0.001135	0.245426	0.013505	0.969321	0.087457	-0.996134	-0.008265	0.965462	0.086802	-0.245658
29073	9.521329	-0.063468	-2.397831	-0.001332	0.003143	-0.000294	0.245416	0.013486	0.969324	0.087443	-0.996135	-0.008280	0.965466	0.086792	-0.245647
29074	9.503656	-0.063167	-2.427250	0.002154	0.001241	-0.004408	0.245420	0.013509	0.969323	0.087471	-0.996133	-0.008264	0.965462	0.086816	-0.245653
29075	9.547910	-0.091844	-2.413339	-0.001149	0.003071	-0.001810	0.245410	0.013505	0.969325	0.087462	-0.996134	-0.008265	0.965466	0.086808	-0.245642
29076	9.533116	-0.067398	-2.444401	0.000274	0.001461	-0.001567	0.245416	0.013500	0.969324	0.087466	-0.996133	-0.008272	0.965464	0.086813	-0.245648
29077	9.524468	-0.089089	-2.419006	-0.002753	0.001612	-0.001948	0.245419	0.013499	0.969323	0.087442	-0.996135	-0.008267	0.965465	0.086788	-0.245651
29078	9.542269	-0.088878	-2.389085	-0.000874	0.004532	-0.003377	0.245392	0.013509	0.969330	0.087439	-0.996136	-0.008253	0.965472	0.086783	-0.245625
29079	9.524618	-0.088506	-2.418437	0.001971	0.001314	-0.002892	0.245398	0.013517	0.969328	0.087463	-0.996134	-0.008251	0.965469	0.086805	-0.245631
29080	9.551065	-0.066364	-2.413915	-0.004083	0.001615	-0.003654	0.245401	0.013533	0.969327	0.087430	-0.996137	-0.008228	0.965471	0.086767	-0.245636
29081	9.506975	-0.087761	-2.447781	-0.001239	0.001537	-0.001758	0.245405	0.013529	0.969326	0.087420	-0.996138	-0.008229	0.965471	0.086758	-0.245640
29082	9.521865	-0.111838	-2.416358	-0.001239	0.001537	-0.001758	0.245411	0.013526	0.969325	0.087409	-0.996138	-0.008230	0.965470	0.086748	-0.245646
29083	9.524791	-0.087506	-2.417793	0.001878	0.002920	-0.001429	0.245402	0.013519	0.969327	0.087429	-0.996137	-0.008242	0.965471	0.086769	-0.245636
29084	9.519047	-0.085020	-2.393914	0.000548	0.002923	-0.003135	0.245393	0.013528	0.969329	0.087440	-0.996136	-0.008234	0.965472	0.086778	-0.245627
29085	9.522012	-0.111295	-2.415803	0.000093	-0.001606	-0.001463	0.245428	0.013525	0.969321	0.087442	-0.996136	-0.008241	0.965463	0.086782	-0.245662
29086	9.521915	-0.060482	-2.395578	0.000184	-0.000073	-0.001515	0.245448	0.013520	0.969315	0.087447	-0.996135	-0.008249	0.965457	0.086789	-0.245682
29087	9.548436	-0.089206	-2.411358	0.000365	0.002995	-0.001619	0.245439	0.013514	0.969318	0.087453	-0.996134	-0.008256	0.965459	0.086796	-0.245672
29088	9.501419	-0.084274	-2.423209	-0.001239	0.001537	-0.001758	0.245444	0.013511	0.969317	0.087443	-0.996135	-0.008257	0.965459	0.086787	-0.245676
29089	9.524994	-0.086386	-2.417033	-0.001056	0.001464	-0.003273	0.245447	0.013523	0.969316	0.087439	-0.996136	-0.008244	0.965458	0.086779	-0.245681
29090	9.542749	-0.086186	-2.387267	0.001971	0.001314	-0.002892	0.245452	0.013531	0.969314	0.087462	-0.996134	-0.008242	0.965455	0.086801	-0.245686
29091	9.501549	-0.083512	-2.422726	-0.001149	0.003071	-0.001810	0.245441	0.013527	0.969317	0.087453	-0.996135	-0.008243	0.965459	0.086793	-0.245676
29092	9.525162	-0.085662	-2.416397	-0.002662	0.003146	-0.002000	0.245430	0.013525	0.969320	0.087430	-0.996137	-0.008238	0.965464	0.086769	-0.245664
29093	9.525239	-0.085505	-2.416099	-0.001332	0.003143	-0.000294	0.245420	0.013506	0.969323	0.087415	-0.996138	-0.008253	0.965467	0.086759	-0.245653
29094	9.525259	-0.085309	-2.416027	-0.001236	-0.001604	-0.003169	0.245455	0.013520	0.969314	0.087409	-0.996138	-0.008240	0.965459	0.086749	-0.245688
29095	9.557500	-0.065552	-2.435169	0.000365	0.002996	-0.001619	0.245445	0.013514	0.969316	0.087414	-0.996138	-0.008247	0.965461	0.086756	-0.245678
29096	9.507656	-0.084744	-2.445239	-0.000875	0.004532	-0.003377	0.245418	0.013524	0.969323	0.087410	-0.996138	-0.008233	0.965468	0.086749	-0.245653
29097	9.554785	-0.089255	-2.432951	0.000184	-0.000072	-0.001515	0.245439	0.013520	0.969318	0.087414	-0.996138	-0.008240	0.965463	0.086754	-0.245673
29098	9.534132	-0.062520	-2.440565	-0.001239	0.001537	-0.001758	0.245445	0.013516	0.969316	0.087404	-0.996139	-0.008242	0.965462	0.086745	-0.245679
29099	9.528364	-0.060082	-2.416754	0.001878	0.002921	-0.001429	0.245436	0.013509	0.969319	0.087423	-0.996137	-0.008254	0.965463	0.086766	-0.245669
29100	9.552033	-0.113015	-2.430886	0.000184	-0.000072	-0.001515	0.245458	0.013504	0.969313	0.087428	-0.996137	-0.008262	0.965457	0.086773	-0.245690
29101	9.507762	-0.033163	-2.424163	-0.000965	0.002998	-0.003325	0.245447	0.013515	0.969316	0.087424	-0.996137	-0.008248	0.965460	0.086766	-0.245680
29102	9.546323	-0.110237	-2.406863	0.000364	0.002996	-0.001619	0.245437	0.013509	0.969318	0.087430	-0.996136	-0.008255	0.965462	0.086774	-0.245670
29103	9.502186	-0.081155	-2.420303	0.000364	0.002996	-0.001619	0.245427	0.013503	0.969321	0.087435	-0.996136	-0.008262	0.965464	0.086781	-0.245659
29104	9.555140	-0.088023	-2.431603	-0.001239	0.001537	-0.001758	0.245432	0.013500	0.969320	0.087425	-0.996137	-0.008262	0.965464	0.086771	-0.245664
29105	9.517147	-0.105013	-2.388593	0.000548	0.002923	-0.003134	0.245422	0.013509	0.969322	0.087436	-0.996136	-0.008255	0.965465	0.086779	-0.245655
29106	9.531716	-0.085195	-2.437223	0.000274	0.001462	-0.001567	0.245429	0.013504	0.969321	0.087440	-0.996136	-0.008262	0.965463	0.086785	-0.245661
