// General information: 
//  MT Manager version: 2019.2.0 
//  XDA version: 2019.2.0 build 3853 rev 94535 built on 2019-09-09
// Device information: 
//  DeviceId: 00B43FA9
//  ProductCode: MTW2-3A7G6
//  Firmware Version: 4.3.5
//  Hardware Version: 1.1.0
// Device settings: 
//  Filter Profile: human(46.1)
//  Option Flags: Orientation Smoother Disabled, AHS Disabled, ICC Disabled
// Coordinate system: ENU
PacketCounter	Acc_X	Acc_Y	Acc_Z	Gyr_X	Gyr_Y	Gyr_Z	Mat[1][1]	Mat[2][1]	Mat[3][1]	Mat[1][2]	Mat[2][2]	Mat[3][2]	Mat[1][3]	Mat[2][3]	Mat[3][3]
28840	9.401025	-0.040115	-2.385529	-0.001007	0.003894	-0.002206	0.228816	0.086557	0.969614	0.378295	-0.925661	-0.006639	0.896959	0.368319	-0.244550
28841	9.465857	-0.048692	-2.362755	-0.000172	0.003684	0.001494	0.228819	0.086542	0.969615	0.378288	-0.925664	-0.006653	0.896962	0.368316	-0.244547
28842	9.433587	-0.044452	-2.373562	0.000782	0.004846	-0.000120	0.228807	0.086537	0.969618	0.378292	-0.925662	-0.006654	0.896963	0.368321	-0.244534
28843	9.433678	-0.044479	-2.373201	0.001410	0.002784	0.000141	0.228814	0.086539	0.969616	0.378299	-0.925659	-0.006657	0.896958	0.368328	-0.244542
28844	9.433735	-0.044482	-2.372973	-0.000628	0.002062	-0.000261	0.228827	0.086546	0.969612	0.378291	-0.925663	-0.006653	0.896958	0.368318	-0.244556
28845	9.453476	-0.069504	-2.385958	0.002365	0.003946	-0.001472	0.228819	0.086558	0.969613	0.378310	-0.925655	-0.006644	0.896952	0.368335	-0.244553
28846	9.433878	-0.044360	-2.372405	-0.000628	0.002062	-0.000261	0.228832	0.086564	0.969609	0.378302	-0.925659	-0.006640	0.896952	0.368324	-0.244568
28847	9.433976	-0.044281	-2.372016	-0.001884	0.006187	-0.000783	0.228805	0.086560	0.969616	0.378282	-0.925667	-0.006629	0.896968	0.368305	-0.244541
28848	9.447994	-0.057075	-2.416548	0.002115	0.004176	0.000213	0.228801	0.086554	0.969618	0.378297	-0.925660	-0.006637	0.896962	0.368322	-0.244535
28849	9.428434	-0.071496	-2.418192	0.001410	0.002784	0.000142	0.228807	0.086556	0.969616	0.378311	-0.925655	-0.006641	0.896955	0.368336	-0.244542
28850	9.434256	-0.044331	-2.370904	0.000077	0.003454	-0.000190	0.228808	0.086557	0.969616	0.378309	-0.925656	-0.006640	0.896956	0.368333	-0.244542
28851	9.421609	-0.025674	-2.379847	-0.002211	0.002963	0.001092	0.228816	0.086547	0.969615	0.378287	-0.925665	-0.006646	0.896963	0.368313	-0.244547
28852	9.421731	-0.065148	-2.394719	0.000782	0.004846	-0.000119	0.228804	0.086542	0.969618	0.378291	-0.925663	-0.006648	0.896964	0.368318	-0.244534
28853	9.441474	-0.050782	-2.392351	0.000077	0.003454	-0.000190	0.228806	0.086542	0.969618	0.378287	-0.925664	-0.006648	0.896965	0.368315	-0.244535
28854	9.428851	-0.032104	-2.401205	0.000782	0.004846	-0.000119	0.228794	0.086537	0.969621	0.378291	-0.925663	-0.006649	0.896967	0.368320	-0.244522
28855	9.408090	-0.052367	-2.348657	0.002038	0.000722	0.000403	0.228824	0.086542	0.969613	0.378298	-0.925660	-0.006658	0.896956	0.368327	-0.244552
28856	9.434777	-0.044442	-2.368826	0.000154	0.006909	-0.000380	0.228793	0.086531	0.969622	0.378297	-0.925660	-0.006655	0.896964	0.368328	-0.244519
28857	9.448795	-0.057302	-2.413408	-0.000878	0.002292	0.001423	0.228812	0.086521	0.969618	0.378278	-0.925668	-0.006668	0.896968	0.368310	-0.244533
28858	9.441907	-0.050865	-2.390640	0.000327	0.003224	-0.001874	0.228808	0.086538	0.969617	0.378281	-0.925667	-0.006651	0.896967	0.368310	-0.244536
28859	9.415412	-0.058705	-2.369701	-0.000551	0.005517	-0.000451	0.228790	0.086533	0.969622	0.378273	-0.925670	-0.006646	0.896975	0.368303	-0.244517
28860	9.435162	-0.044307	-2.367297	0.000077	0.003454	-0.000190	0.228790	0.086534	0.969622	0.378271	-0.925671	-0.006645	0.896976	0.368300	-0.244518
28861	9.449160	-0.057110	-2.411984	0.000077	0.003454	-0.000190	0.228791	0.086535	0.969622	0.378269	-0.925672	-0.006643	0.896977	0.368297	-0.244519
28862	9.422658	-0.065058	-2.391069	0.000782	0.004846	-0.000118	0.228779	0.086530	0.969625	0.378272	-0.925670	-0.006644	0.896978	0.368303	-0.244506
28863	9.410045	-0.046273	-2.399909	-0.001006	0.003895	-0.002206	0.228770	0.086545	0.969626	0.378250	-0.925680	-0.006620	0.896990	0.368276	-0.244504
28864	9.442478	-0.050522	-2.388389	0.002743	0.002114	0.000475	0.228785	0.086545	0.969622	0.378270	-0.925671	-0.006632	0.896978	0.368297	-0.244517
28865	9.415911	-0.019045	-2.352336	-0.001256	0.004125	-0.000522	0.228779	0.086546	0.969623	0.378252	-0.925679	-0.006623	0.896987	0.368277	-0.244513
28866	9.462277	-0.036159	-2.385782	0.001410	0.002784	0.000143	0.228787	0.086547	0.969622	0.378261	-0.925675	-0.006629	0.896981	0.368286	-0.244520
28867	9.429983	-0.031821	-2.396761	-0.001961	0.002733	-0.000593	0.228793	0.086554	0.969620	0.378234	-0.925686	-0.006616	0.896991	0.368257	-0.244528
28868	9.435798	-0.044164	-2.364763	0.002493	0.002344	0.002159	0.228812	0.086537	0.969617	0.378248	-0.925680	-0.006644	0.896980	0.368276	-0.244539
28869	9.423211	-0.064964	-2.388894	-0.000301	0.005287	-0.002135	0.228790	0.086547	0.969621	0.378240	-0.925684	-0.006624	0.896989	0.368265	-0.244523
28870	9.448703	-0.062860	-2.354755	0.001160	0.003014	0.001827	0.228802	0.086531	0.969619	0.378243	-0.925682	-0.006645	0.896985	0.368272	-0.244528
28871	9.410676	-0.046271	-2.397433	-0.001006	0.003895	-0.002206	0.228790	0.086548	0.969621	0.378237	-0.925685	-0.006622	0.896990	0.368262	-0.244523
28872	9.423431	-0.025406	-2.372625	0.001410	0.002784	0.000143	0.228798	0.086549	0.969619	0.378246	-0.925681	-0.006627	0.896985	0.368271	-0.244530
28873	9.423554	-0.064834	-2.387544	0.002366	0.003946	-0.001470	0.228787	0.086563	0.969620	0.378271	-0.925671	-0.006616	0.896977	0.368292	-0.244526
28874	9.448988	-0.023237	-2.338207	0.000077	0.003455	-0.000189	0.228788	0.086563	0.969620	0.378268	-0.925672	-0.006615	0.896978	0.368290	-0.244526
28875	9.443391	-0.050386	-2.384781	-0.000551	0.005517	-0.000450	0.228770	0.086558	0.969625	0.378258	-0.925677	-0.006610	0.896987	0.368280	-0.244508
28876	9.423828	-0.025279	-2.371047	0.000782	0.004847	-0.000118	0.228758	0.086553	0.969628	0.378262	-0.925675	-0.006611	0.896988	0.368285	-0.244495
28877	9.430871	-0.031629	-2.393266	0.000955	0.001162	-0.001613	0.228773	0.086576	0.969622	0.378270	-0.925672	-0.006597	0.896981	0.368288	-0.244518
28878	9.443653	-0.050273	-2.383747	-0.001506	0.004355	0.001163	0.228770	0.086561	0.969624	0.378251	-0.925680	-0.006605	0.896990	0.368272	-0.244510
28879	9.443735	-0.050257	-2.383420	0.001661	0.002554	-0.001541	0.228773	0.086579	0.969622	0.378270	-0.925672	-0.006594	0.896981	0.368288	-0.244519
28880	9.417176	-0.058137	-2.362695	-0.000628	0.002062	-0.000261	0.228785	0.086586	0.969619	0.378262	-0.925675	-0.006591	0.896981	0.368277	-0.244533
28881	9.457805	-0.062978	-2.427944	0.000077	0.003455	-0.000189	0.228786	0.086589	0.969618	0.378260	-0.925676	-0.006588	0.896982	0.368275	-0.244534
28882	9.443947	-0.050109	-2.382584	-0.001256	0.004125	-0.000522	0.228779	0.086590	0.969620	0.378246	-0.925682	-0.006580	0.896989	0.368261	-0.244529
28883	9.444054	-0.050073	-2.382161	0.000782	0.004847	-0.000117	0.228767	0.086588	0.969623	0.378252	-0.925679	-0.006579	0.896990	0.368266	-0.244517
28884	9.431447	-0.031366	-2.390999	-0.001256	0.004125	-0.000522	0.228760	0.086589	0.969624	0.378238	-0.925685	-0.006571	0.896998	0.368252	-0.244511
28885	9.431511	-0.031262	-2.390750	0.000956	0.001162	-0.001613	0.228778	0.086613	0.969618	0.378243	-0.925683	-0.006557	0.896991	0.368251	-0.244537
28886	9.424646	-0.064117	-2.383248	-0.001005	0.003895	-0.002206	0.228767	0.086631	0.969619	0.378236	-0.925686	-0.006534	0.896997	0.368239	-0.244533
28887	9.419051	-0.051768	-2.414467	0.002192	0.007631	0.000026	0.228733	0.086614	0.969628	0.378242	-0.925684	-0.006538	0.897003	0.368250	-0.244496
28888	9.438815	-0.037454	-2.411975	0.001410	0.002784	0.000144	0.228741	0.086614	0.969626	0.378251	-0.925680	-0.006544	0.896997	0.368259	-0.244503
28889	9.437687	-0.082797	-2.372684	0.001410	0.002784	0.000144	0.228750	0.086613	0.969624	0.378259	-0.925677	-0.006550	0.896991	0.368268	-0.244511
28890	9.431992	-0.031118	-2.388853	0.000782	0.004847	-0.000117	0.228739	0.086608	0.969628	0.378263	-0.925675	-0.006551	0.896993	0.368273	-0.244498
28891	9.451776	-0.056151	-2.401735	0.001661	0.002554	-0.001540	0.228741	0.086626	0.969626	0.378285	-0.925666	-0.006541	0.896983	0.368291	-0.244507
28892	9.412514	-0.045374	-2.390222	0.000077	0.003455	-0.000189	0.228741	0.086627	0.969625	0.378283	-0.925667	-0.006540	0.896984	0.368288	-0.244508
28893	9.451971	-0.056065	-2.400968	0.003776	0.006731	-0.001325	0.228712	0.086624	0.969632	0.378308	-0.925657	-0.006538	0.896980	0.368315	-0.244479
28894	9.412742	-0.045311	-2.389327	-0.000628	0.002063	-0.000261	0.228725	0.086630	0.969629	0.378300	-0.925660	-0.006535	0.896981	0.368305	-0.244493
28895	9.425513	-0.064061	-2.379819	0.001159	0.003015	0.001828	0.228737	0.086614	0.969627	0.378295	-0.925662	-0.006554	0.896979	0.368305	-0.244499
28896	9.439530	-0.037511	-2.409178	-0.000551	0.005517	-0.000450	0.228718	0.086610	0.969632	0.378288	-0.925665	-0.006549	0.896987	0.368298	-0.244480
28897	9.425723	-0.064174	-2.378983	-0.000174	0.003685	0.001495	0.228725	0.086595	0.969632	0.378275	-0.925670	-0.006562	0.896991	0.368289	-0.244480
28898	9.439732	-0.037504	-2.408386	-0.001005	0.003895	-0.002206	0.228713	0.086613	0.969633	0.378268	-0.925673	-0.006538	0.896997	0.368277	-0.244477
28899	9.425902	-0.064003	-2.378280	0.000077	0.003455	-0.000189	0.228714	0.086616	0.969633	0.378262	-0.925676	-0.006534	0.896999	0.368270	-0.244478
28900	9.438624	-0.043317	-2.353471	0.001159	0.003015	0.001828	0.228726	0.086600	0.969631	0.378265	-0.925674	-0.006555	0.896995	0.368277	-0.244483
28901	9.420332	-0.051962	-2.409461	-0.002212	0.002963	0.001091	0.228733	0.086592	0.969630	0.378244	-0.925683	-0.006559	0.897002	0.368257	-0.244487
28902	9.419143	-0.057684	-2.354852	0.001285	0.004387	-0.003485	0.228713	0.086620	0.969633	0.378260	-0.925676	-0.006529	0.897000	0.368267	-0.244479
28903	9.472467	-0.041671	-2.395580	0.002038	0.000722	0.000405	0.228740	0.086626	0.969626	0.378269	-0.925673	-0.006537	0.896990	0.368275	-0.244506
28904	9.433218	-0.030983	-2.384008	0.000155	0.006910	-0.000377	0.228709	0.086616	0.969634	0.378268	-0.925673	-0.006534	0.896998	0.368276	-0.244474
28905	9.453047	-0.056117	-2.396728	-0.000174	0.003685	0.001496	0.228712	0.086602	0.969635	0.378265	-0.925674	-0.006548	0.896999	0.368276	-0.244471
28906	9.419510	-0.057687	-2.353384	-0.001255	0.004125	-0.000521	0.228705	0.086603	0.969636	0.378251	-0.925680	-0.006540	0.897006	0.368262	-0.244465
28907	9.408173	-0.033156	-2.416596	0.001410	0.002785	0.000145	0.228713	0.086606	0.969634	0.378259	-0.925677	-0.006542	0.897001	0.368269	-0.244473
28908	9.433622	-0.070596	-2.397903	-0.000251	0.000230	0.001684	0.228749	0.086601	0.969626	0.378249	-0.925681	-0.006559	0.896996	0.368260	-0.244505
28909	9.440630	-0.037653	-2.404860	0.001488	0.006240	-0.000044	0.228722	0.086592	0.969633	0.378267	-0.925673	-0.006561	0.896995	0.368280	-0.244477
28910	9.419806	-0.057825	-2.352196	0.001661	0.002554	-0.001539	0.228726	0.086609	0.969631	0.378282	-0.925667	-0.006551	0.896988	0.368292	-0.244487
28911	9.446531	-0.049823	-2.372324	0.000782	0.004847	-0.000116	0.228717	0.086602	0.969633	0.378280	-0.925668	-0.006553	0.896991	0.368291	-0.244475
28912	9.440933	-0.037532	-2.403671	-0.001255	0.004125	-0.000521	0.228710	0.086603	0.969635	0.378266	-0.925674	-0.006545	0.896999	0.368277	-0.244470
28913	9.420081	-0.057724	-2.351099	0.001410	0.002785	0.000145	0.228716	0.086603	0.969633	0.378279	-0.925669	-0.006551	0.896992	0.368290	-0.244475
28914	9.453771	-0.056221	-2.393868	0.000705	0.001392	0.000072	0.228736	0.086609	0.969628	0.378281	-0.925667	-0.006554	0.896986	0.368291	-0.244496
28915	9.421507	-0.052009	-2.404859	0.000531	0.005078	0.001568	0.228726	0.086588	0.969632	0.378283	-0.925667	-0.006571	0.896987	0.368298	-0.244479
28916	9.459640	-0.068596	-2.361429	0.001662	0.002554	-0.001539	0.228730	0.086605	0.969630	0.378298	-0.925661	-0.006561	0.896980	0.368310	-0.244488
28917	9.421688	-0.051913	-2.404153	-0.002588	0.004796	-0.000855	0.228715	0.086606	0.969633	0.378270	-0.925672	-0.006547	0.896996	0.368281	-0.244476
28918	9.441386	-0.037367	-2.401895	0.002541	0.000262	-0.002963	0.228734	0.086644	0.969625	0.378296	-0.925662	-0.006524	0.896980	0.368298	-0.244507
28919	9.420502	-0.057654	-2.349413	-0.002010	0.004816	0.004531	0.228739	0.086596	0.969629	0.378268	-0.925673	-0.006565	0.896990	0.368281	-0.244494
28920	9.434577	-0.031131	-2.378623	0.000406	0.006680	-0.002060	0.228704	0.086602	0.969636	0.378273	-0.925671	-0.006546	0.896997	0.368285	-0.244464
28921	9.441709	-0.037521	-2.400623	-0.000174	0.003685	0.001496	0.228708	0.086586	0.969637	0.378262	-0.925675	-0.006560	0.897001	0.368277	-0.244461
28922	9.429167	-0.058361	-2.424799	0.000077	0.003455	-0.000188	0.228708	0.086587	0.969637	0.378259	-0.925676	-0.006559	0.897002	0.368274	-0.244462
28923	9.447547	-0.049917	-2.368274	0.000453	0.001623	0.001757	0.228732	0.086576	0.969632	0.378253	-0.925679	-0.006577	0.896999	0.368270	-0.244480
28924	9.422271	-0.052139	-2.401862	0.001410	0.002785	0.000145	0.228740	0.086576	0.969630	0.378262	-0.925675	-0.006582	0.896993	0.368280	-0.244487
28925	9.454652	-0.016817	-2.374857	-0.000674	0.007120	-0.004078	0.228690	0.086603	0.969640	0.378265	-0.925674	-0.006538	0.897004	0.368276	-0.244451
28926	9.447853	-0.049688	-2.367055	-0.001507	0.004356	0.001163	0.228687	0.086588	0.969642	0.378246	-0.925682	-0.006546	0.897013	0.368260	-0.244443
28927	9.395963	-0.059735	-2.380068	0.001662	0.002555	-0.001539	0.228689	0.086607	0.969639	0.378268	-0.925673	-0.006535	0.897003	0.368278	-0.244452
28928	9.481681	-0.048118	-2.409351	-0.001507	0.004356	0.001163	0.228687	0.086592	0.969641	0.378249	-0.925681	-0.006543	0.897012	0.368262	-0.244444
28929	9.441096	-0.043348	-2.343535	-0.000174	0.003686	0.001496	0.228691	0.086577	0.969642	0.378238	-0.925685	-0.006555	0.897015	0.368254	-0.244443
28930	9.455203	-0.056268	-2.388205	0.001410	0.002785	0.000146	0.228699	0.086577	0.969640	0.378247	-0.925682	-0.006561	0.897010	0.368264	-0.244450
28931	9.422958	-0.051916	-2.399171	0.001035	0.004617	-0.001799	0.228678	0.086592	0.969643	0.378265	-0.925674	-0.006543	0.897007	0.368278	-0.244437
28932	9.455387	-0.056137	-2.387479	0.003700	0.003277	-0.001132	0.228677	0.086603	0.969643	0.378297	-0.925661	-0.006542	0.896994	0.368309	-0.244439
28933	9.435800	-0.030997	-2.373768	-0.001178	0.007581	-0.000709	0.228640	0.086595	0.969652	0.378281	-0.925668	-0.006531	0.897010	0.368294	-0.244402
28934	9.435953	-0.070572	-2.388714	0.000123	-0.001602	0.003629	0.228700	0.086579	0.969639	0.378270	-0.925672	-0.006566	0.896999	0.368287	-0.244452
28935	9.442928	-0.037714	-2.395819	0.000783	0.004848	-0.000115	0.228691	0.086573	0.969642	0.378268	-0.925673	-0.006568	0.897002	0.368287	-0.244441
28936	9.416372	-0.045661	-2.374974	0.000078	0.003455	-0.000188	0.228691	0.086573	0.969642	0.378266	-0.925674	-0.006567	0.897003	0.368284	-0.244441
28937	9.455813	-0.056254	-2.385789	-0.001003	0.003895	-0.002205	0.228679	0.086595	0.969643	0.378263	-0.925675	-0.006540	0.897008	0.368275	-0.244438
28938	9.444545	-0.031655	-2.449026	0.001410	0.002785	0.000146	0.228686	0.086595	0.969641	0.378271	-0.925672	-0.006546	0.897002	0.368284	-0.244445
28939	9.448961	-0.049774	-2.362627	0.000783	0.004848	-0.000115	0.228678	0.086590	0.969644	0.378266	-0.925674	-0.006546	0.897007	0.368280	-0.244435
28940	9.449057	-0.049769	-2.362242	0.003700	0.003277	-0.001131	0.228676	0.086600	0.969643	0.378298	-0.925661	-0.006544	0.896994	0.368311	-0.244437
28941	9.423853	-0.051955	-2.395652	-0.003092	0.005257	0.002513	0.228672	0.086566	0.969647	0.378254	-0.925678	-0.006563	0.897013	0.368274	-0.244421
28942	9.443558	-0.037714	-2.393334	0.002038	0.000722	0.000407	0.228699	0.086572	0.969640	0.378268	-0.925673	-0.006572	0.897000	0.368287	-0.244448
28943	9.423984	-0.052160	-2.395131	-0.001507	0.004356	0.001163	0.228695	0.086558	0.969642	0.378256	-0.925678	-0.006581	0.897007	0.368278	-0.244439
28944	9.443710	-0.037747	-2.392736	0.000330	0.003225	-0.001871	0.228692	0.086575	0.969642	0.378260	-0.925676	-0.006564	0.897006	0.368277	-0.244442
28945	9.456495	-0.056368	-2.383084	-0.001507	0.004356	0.001163	0.228694	0.086557	0.969643	0.378227	-0.925690	-0.006573	0.897019	0.368248	-0.244437
28946	9.404529	-0.027042	-2.380893	0.001410	0.002785	0.000146	0.228701	0.086557	0.969641	0.378236	-0.925686	-0.006578	0.897014	0.368257	-0.244445
28947	9.456668	-0.056379	-2.382395	0.001035	0.004618	-0.001798	0.228685	0.086570	0.969644	0.378246	-0.925682	-0.006562	0.897014	0.368264	-0.244434
28948	9.451088	-0.044111	-2.413847	-0.000880	0.002293	0.001423	0.228702	0.086560	0.969641	0.378231	-0.925688	-0.006574	0.897015	0.368252	-0.244446
28949	9.424475	-0.052173	-2.393197	0.002743	0.002115	0.000480	0.228716	0.086561	0.969637	0.378252	-0.925679	-0.006584	0.897003	0.368273	-0.244460
28950	9.424531	-0.052176	-2.392976	0.001663	0.002555	-0.001537	0.228720	0.086578	0.969635	0.378267	-0.925673	-0.006574	0.896996	0.368284	-0.244469
28951	9.463882	-0.023428	-2.388568	-0.001507	0.004356	0.001163	0.228716	0.086564	0.969637	0.378250	-0.925680	-0.006581	0.897004	0.368270	-0.244461
28952	9.424741	-0.052213	-2.392151	0.001488	0.006241	-0.000041	0.228692	0.086553	0.969643	0.378260	-0.925676	-0.006585	0.897006	0.368283	-0.244434
28953	9.437456	-0.031439	-2.367169	0.000078	0.003456	-0.000187	0.228694	0.086554	0.969643	0.378250	-0.925680	-0.006582	0.897010	0.368273	-0.244436
28954	9.424942	-0.052282	-2.391357	-0.000175	0.003686	0.001497	0.228698	0.086538	0.969643	0.378241	-0.925683	-0.006597	0.897012	0.368268	-0.244435
28955	9.451694	-0.044317	-2.411467	0.000330	0.003225	-0.001871	0.228694	0.086559	0.969643	0.378247	-0.925681	-0.006577	0.897011	0.368268	-0.244438
28956	9.425121	-0.052111	-2.390654	-0.002587	0.004796	-0.000855	0.228679	0.086561	0.969646	0.378222	-0.925692	-0.006562	0.897025	0.368242	-0.244426
28957	9.444837	-0.037729	-2.388282	0.002743	0.002115	0.000481	0.228694	0.086563	0.969642	0.378248	-0.925681	-0.006573	0.897010	0.368269	-0.244440
28958	9.444936	-0.037725	-2.387890	-0.001882	0.006189	-0.000782	0.228668	0.086559	0.969649	0.378230	-0.925689	-0.006561	0.897025	0.368250	-0.244414
28959	9.411446	-0.078836	-2.359699	0.005232	0.004460	0.002646	0.228670	0.086532	0.969651	0.378268	-0.925673	-0.006599	0.897008	0.368296	-0.244406
28960	9.419846	-0.040015	-2.420960	0.001211	0.000932	-0.003294	0.228682	0.086570	0.969644	0.378283	-0.925667	-0.006570	0.896999	0.368302	-0.244431
28961	9.452233	-0.044288	-2.409356	0.001862	0.004409	0.001905	0.228682	0.086547	0.969646	0.378288	-0.925665	-0.006594	0.896997	0.368313	-0.244423
28962	9.445258	-0.037918	-2.386614	0.000958	0.001162	-0.001610	0.228698	0.086569	0.969641	0.378297	-0.925661	-0.006582	0.896989	0.368317	-0.244446
28963	9.425689	-0.052180	-2.388413	-0.001255	0.004126	-0.000521	0.228859	0.086634	0.969597	0.378214	-0.925695	-0.006560	0.896982	0.368217	-0.244620
28964	9.425780	-0.052208	-2.388053	0.003448	0.003508	0.000555	0.228862	0.086628	0.969597	0.378240	-0.925684	-0.006575	0.896971	0.368245	-0.244620
28965	9.445473	-0.037997	-2.385760	0.000452	0.001623	0.001758	0.228887	0.086619	0.969592	0.378238	-0.925685	-0.006592	0.896965	0.368245	-0.244640
28966	9.425938	-0.052545	-2.387420	-0.002388	0.006650	0.002586	0.228869	0.086583	0.969599	0.378207	-0.925697	-0.006612	0.896983	0.368222	-0.244610
28967	9.426025	-0.052682	-2.387073	0.002037	0.000722	0.000408	0.228896	0.086590	0.969592	0.378221	-0.925691	-0.006619	0.896970	0.368236	-0.244637
28968	9.451365	-0.050612	-2.352973	0.000783	0.004849	-0.000113	0.228884	0.086585	0.969595	0.378225	-0.925690	-0.006621	0.896971	0.368241	-0.244625
28969	9.426199	-0.052694	-2.386387	-0.001255	0.004126	-0.000521	0.228877	0.086586	0.969597	0.378211	-0.925696	-0.006613	0.896979	0.368226	-0.244619
28970	9.438973	-0.071237	-2.376732	0.000331	0.003225	-0.001871	0.228874	0.086603	0.969596	0.378215	-0.925694	-0.006596	0.896978	0.368225	-0.244622
28971	9.413701	-0.033899	-2.394959	0.000530	0.005079	0.001571	0.228865	0.086585	0.969600	0.378216	-0.925694	-0.006610	0.896980	0.368231	-0.244606
28972	9.433552	-0.058993	-2.407667	0.001036	0.004618	-0.001797	0.228849	0.086596	0.969603	0.378226	-0.925690	-0.006596	0.896980	0.368239	-0.244596
28973	9.426615	-0.052431	-2.384748	-0.002587	0.004797	-0.000855	0.228836	0.086600	0.969605	0.378198	-0.925701	-0.006579	0.896995	0.368208	-0.244586
28974	9.414144	-0.073181	-2.408850	-0.001508	0.004357	0.001163	0.228834	0.086585	0.969607	0.378178	-0.925709	-0.006587	0.897004	0.368192	-0.244578
28975	9.446439	-0.038014	-2.381934	0.001663	0.002555	-0.001536	0.228839	0.086601	0.969604	0.378187	-0.925706	-0.006577	0.896999	0.368197	-0.244589
28976	9.439567	-0.071140	-2.374375	-0.000429	0.003917	0.003181	0.228849	0.086569	0.969605	0.378173	-0.925712	-0.006608	0.897003	0.368190	-0.244586
28977	9.460720	-0.051126	-2.426193	0.002115	0.004178	0.000222	0.228844	0.086563	0.969607	0.378190	-0.925705	-0.006616	0.896997	0.368209	-0.244579
28978	9.427068	-0.052605	-2.382955	0.000331	0.003225	-0.001870	0.228840	0.086580	0.969606	0.378193	-0.925703	-0.006599	0.896996	0.368209	-0.244582
28979	9.427150	-0.052589	-2.382629	-0.000176	0.003687	0.001497	0.228847	0.086562	0.969606	0.378177	-0.925710	-0.006614	0.897001	0.368197	-0.244582
28980	9.434296	-0.058960	-2.404753	0.002622	0.003717	-0.003146	0.228834	0.086589	0.969607	0.378205	-0.925699	-0.006591	0.896993	0.368218	-0.244580
28981	9.453975	-0.044478	-2.402508	-0.003623	0.000179	0.000941	0.228869	0.086593	0.969598	0.378167	-0.925714	-0.006591	0.897000	0.368178	-0.244614
28982	9.427362	-0.052367	-2.381797	-0.001882	0.006190	-0.000781	0.228843	0.086589	0.969605	0.378148	-0.925722	-0.006579	0.897014	0.368160	-0.244589
28983	9.454270	-0.083912	-2.416994	0.001157	0.003016	0.001832	0.228853	0.086576	0.969604	0.378157	-0.925718	-0.006598	0.897008	0.368173	-0.244593
28984	9.427533	-0.052564	-2.381113	-0.000881	0.002294	0.001424	0.228870	0.086566	0.969600	0.378143	-0.925724	-0.006610	0.897010	0.368160	-0.244605
28985	9.440173	-0.031829	-2.356306	0.000078	0.003456	-0.000186	0.228873	0.086567	0.969600	0.378136	-0.925727	-0.006608	0.897012	0.368153	-0.244608
28986	9.427698	-0.052533	-2.380462	0.001037	0.004618	-0.001796	0.228857	0.086579	0.969602	0.378146	-0.925723	-0.006594	0.897012	0.368160	-0.244597
28987	9.434840	-0.058860	-2.402618	-0.000627	0.002063	-0.000260	0.228870	0.086587	0.969598	0.378136	-0.925727	-0.006588	0.897013	0.368148	-0.244613
28988	9.454548	-0.044510	-2.400249	-0.001508	0.004357	0.001163	0.228868	0.086572	0.969600	0.378116	-0.925735	-0.006596	0.897022	0.368131	-0.244605
28989	9.401258	-0.060402	-2.359049	0.002369	0.003948	-0.001461	0.228861	0.086582	0.969601	0.378128	-0.925730	-0.006588	0.897018	0.368141	-0.244602
28990	9.435083	-0.058845	-2.401664	-0.002918	0.001571	0.001015	0.228883	0.086578	0.969596	0.378096	-0.925743	-0.006591	0.897026	0.368109	-0.244621
28991	9.454877	-0.083891	-2.414622	0.001664	0.002555	-0.001535	0.228888	0.086594	0.969594	0.378105	-0.925739	-0.006581	0.897021	0.368114	-0.244633
28992	9.422529	-0.040154	-2.410493	-0.000176	0.003687	0.001498	0.228893	0.086578	0.969594	0.378096	-0.925743	-0.006595	0.897023	0.368109	-0.244631
28993	9.447861	-0.038174	-2.376287	-0.000176	0.003687	0.001498	0.228899	0.086563	0.969594	0.378088	-0.925746	-0.006610	0.897026	0.368105	-0.244630
28994	9.421257	-0.046227	-2.355507	-0.001508	0.004357	0.001163	0.228896	0.086548	0.969596	0.378068	-0.925754	-0.006618	0.897035	0.368088	-0.244623
28995	9.455118	-0.044804	-2.397997	-0.000176	0.003687	0.001498	0.228904	0.086532	0.969595	0.378052	-0.925761	-0.006631	0.897039	0.368075	-0.244624
28996	9.403138	-0.015355	-2.395956	0.001918	0.002325	-0.003219	0.228903	0.086565	0.969593	0.378073	-0.925752	-0.006605	0.897031	0.368089	-0.244636
28997	9.428592	-0.052763	-2.376912	-0.001311	0.006211	0.004606	0.228899	0.086511	0.969598	0.378042	-0.925764	-0.006646	0.897045	0.368071	-0.244612
28998	9.448441	-0.077999	-2.389647	0.001664	0.002555	-0.001535	0.228903	0.086528	0.969596	0.378057	-0.925758	-0.006636	0.897037	0.368082	-0.244621
28999	9.435734	-0.019863	-2.383421	-0.001508	0.004357	0.001163	0.228903	0.086511	0.969597	0.378028	-0.925770	-0.006644	0.897050	0.368056	-0.244616
29000	9.441545	-0.071594	-2.366483	0.000078	0.003456	-0.000186	0.228904	0.086512	0.969597	0.378026	-0.925771	-0.006643	0.897050	0.368054	-0.244616
29001	9.423334	-0.040649	-2.407336	-0.000627	0.002063	-0.000260	0.228917	0.086519	0.969594	0.378017	-0.925775	-0.006639	0.897051	0.368043	-0.244631
29002	9.435975	-0.019849	-2.382466	0.000783	0.004849	-0.000111	0.228905	0.086514	0.969597	0.378021	-0.925773	-0.006641	0.897052	0.368048	-0.244618
29003	9.403887	-0.054994	-2.408696	0.000078	0.003456	-0.000186	0.228906	0.086517	0.969596	0.378020	-0.925774	-0.006638	0.897053	0.368046	-0.244620
29004	9.455916	-0.045037	-2.394846	0.001861	0.004409	0.001908	0.228906	0.086494	0.969598	0.378029	-0.925770	-0.006662	0.897049	0.368061	-0.244611
29005	9.436395	-0.059443	-2.396489	-0.002586	0.004797	-0.000855	0.228888	0.086501	0.969602	0.378017	-0.925775	-0.006645	0.897058	0.368047	-0.244597
29006	9.409754	-0.067361	-2.375841	0.002037	0.000722	0.000410	0.228915	0.086506	0.969595	0.378031	-0.925769	-0.006655	0.897046	0.368060	-0.244625
29007	9.423872	-0.040731	-2.405228	-0.001881	0.006190	-0.000781	0.228890	0.086504	0.969601	0.378008	-0.925779	-0.006641	0.897061	0.368037	-0.244601
29008	9.443705	-0.065727	-2.418047	-0.001332	0.000671	-0.000335	0.228915	0.086516	0.969594	0.377993	-0.925785	-0.006635	0.897061	0.368019	-0.244629
29009	9.429598	-0.052850	-2.372919	0.000078	0.003456	-0.000185	0.228915	0.086518	0.969594	0.377992	-0.925785	-0.006632	0.897062	0.368017	-0.244629
29010	9.449329	-0.038558	-2.370434	0.000529	0.005080	0.001573	0.228908	0.086497	0.969598	0.377989	-0.925786	-0.006649	0.897065	0.368020	-0.244614
29011	9.404579	-0.055111	-2.405990	0.000078	0.003456	-0.000185	0.228908	0.086499	0.969597	0.377987	-0.925787	-0.006647	0.897066	0.368017	-0.244615
29012	9.429889	-0.052949	-2.371757	-0.001254	0.004127	-0.000520	0.228901	0.086500	0.969599	0.377974	-0.925793	-0.006639	0.897073	0.368003	-0.244609
29013	9.424414	-0.040555	-2.403106	-0.000294	0.005289	-0.002129	0.228877	0.086516	0.969603	0.377977	-0.925791	-0.006616	0.897078	0.368002	-0.244593
29014	9.430100	-0.052801	-2.370921	0.001156	0.003016	0.001834	0.228889	0.086499	0.969602	0.377980	-0.925790	-0.006637	0.897074	0.368009	-0.244598
29015	9.449763	-0.038460	-2.368704	0.000254	-0.000231	-0.001684	0.228916	0.086528	0.969593	0.377982	-0.925789	-0.006621	0.897066	0.368004	-0.244634
29016	9.430191	-0.052829	-2.370561	0.000529	0.005080	0.001574	0.228909	0.086506	0.969597	0.377980	-0.925790	-0.006638	0.897069	0.368007	-0.244619
29017	9.417623	-0.034234	-2.379488	0.000078	0.003456	-0.000185	0.228908	0.086508	0.969596	0.377981	-0.925790	-0.006636	0.897068	0.368008	-0.244619
29018	9.444554	-0.065692	-2.414729	-0.001254	0.004127	-0.000520	0.228902	0.086510	0.969598	0.377967	-0.925795	-0.006628	0.897076	0.367993	-0.244614
29019	9.424907	-0.040570	-2.401172	0.000783	0.004849	-0.000110	0.228888	0.086509	0.969601	0.377976	-0.925792	-0.006626	0.897076	0.368003	-0.244601
29020	9.437532	-0.019771	-2.376293	-0.000627	0.002064	-0.000260	0.228901	0.086515	0.969598	0.377968	-0.925795	-0.006623	0.897076	0.367992	-0.244615
29021	9.425040	-0.040590	-2.400649	0.002742	0.002115	0.000485	0.228916	0.086516	0.969594	0.377988	-0.925787	-0.006634	0.897063	0.368014	-0.244629
29022	9.437808	-0.059255	-2.390925	-0.001881	0.006191	-0.000780	0.228889	0.086512	0.969601	0.377970	-0.925794	-0.006622	0.897078	0.367995	-0.244603
29023	9.457542	-0.044777	-2.388421	0.001665	0.002555	-0.001534	0.228891	0.086529	0.969599	0.377984	-0.925788	-0.006610	0.897071	0.368006	-0.244612
29024	9.430888	-0.052697	-2.367790	-0.002214	0.002965	0.001088	0.228901	0.086520	0.969597	0.377958	-0.925799	-0.006616	0.897080	0.367982	-0.244618
29025	9.464777	-0.051185	-2.410319	0.000078	0.003457	-0.000185	0.228902	0.086521	0.969597	0.377950	-0.925802	-0.006613	0.897083	0.367973	-0.244618
29026	9.431064	-0.052787	-2.367085	0.000529	0.005080	0.001574	0.228894	0.086499	0.969601	0.377948	-0.925803	-0.006630	0.897086	0.367976	-0.244603
29027	9.431163	-0.052783	-2.366693	0.000333	0.003226	-0.001869	0.228893	0.086515	0.969599	0.377939	-0.925807	-0.006613	0.897090	0.367964	-0.244608
29028	9.438326	-0.059065	-2.388881	0.001665	0.002555	-0.001533	0.228897	0.086531	0.969597	0.377954	-0.925801	-0.006603	0.897082	0.367975	-0.244618
29029	9.432845	-0.046692	-2.420331	-0.002586	0.004798	-0.000855	0.228882	0.086533	0.969600	0.377931	-0.925810	-0.006589	0.897096	0.367950	-0.244605
29030	9.431412	-0.052552	-2.365705	0.001155	0.003017	0.001834	0.228894	0.086517	0.969599	0.377934	-0.925809	-0.006610	0.897092	0.367957	-0.244610
29031	9.458203	-0.044652	-2.385805	0.001665	0.002556	-0.001533	0.228897	0.086536	0.969597	0.377953	-0.925801	-0.006598	0.897083	0.367972	-0.244619
29032	9.425965	-0.040279	-2.397021	-0.000627	0.002064	-0.000260	0.228909	0.086542	0.969593	0.377944	-0.925805	-0.006594	0.897083	0.367962	-0.244634
29033	9.438721	-0.058974	-2.387323	0.002820	0.005572	0.000301	0.228891	0.086532	0.969598	0.377960	-0.925798	-0.006602	0.897081	0.367981	-0.244613
29034	9.424638	-0.046144	-2.341945	-0.001254	0.004127	-0.000520	0.228885	0.086533	0.969600	0.377947	-0.925804	-0.006594	0.897089	0.367966	-0.244607
29035	9.444491	-0.071183	-2.354709	0.000078	0.003457	-0.000185	0.228884	0.086537	0.969600	0.377951	-0.925802	-0.006592	0.897087	0.367970	-0.244608
29036	9.426347	-0.040328	-2.395517	0.003447	0.003509	0.000562	0.228887	0.086530	0.969599	0.377978	-0.925791	-0.006606	0.897075	0.367999	-0.244608
29037	9.439110	-0.058991	-2.385785	-0.002586	0.004798	-0.000856	0.228876	0.086531	0.969602	0.377946	-0.925804	-0.006593	0.897091	0.367966	-0.244598
29038	9.419410	-0.033878	-2.372406	0.002037	0.000723	0.000411	0.228904	0.086536	0.969595	0.377960	-0.925798	-0.006602	0.897078	0.367979	-0.244626
29039	9.439242	-0.059012	-2.385261	0.000783	0.004850	-0.000109	0.228892	0.086531	0.969598	0.377963	-0.925797	-0.006603	0.897080	0.367984	-0.244613
29040	9.432245	-0.052557	-2.362379	-0.001254	0.004127	-0.000520	0.228885	0.086532	0.969600	0.377950	-0.925803	-0.006596	0.897087	0.367970	-0.244607
29041	9.433875	-0.046714	-2.416311	0.001410	0.002786	0.000151	0.228891	0.086536	0.969598	0.377966	-0.925796	-0.006599	0.897079	0.367985	-0.244614
29042	9.439523	-0.058989	-2.384150	0.000783	0.004850	-0.000109	0.228879	0.086531	0.969601	0.377969	-0.925795	-0.006600	0.897080	0.367990	-0.244601
29043	9.464796	-0.056897	-2.349884	0.001410	0.002786	0.000151	0.228885	0.086533	0.969600	0.377984	-0.925789	-0.006605	0.897073	0.368005	-0.244608
29044	9.434160	-0.046767	-2.415197	-0.000549	0.005521	-0.000444	0.228867	0.086528	0.969605	0.377977	-0.925792	-0.006600	0.897081	0.367998	-0.244588
29045	9.432738	-0.052615	-2.360408	-0.000804	0.005751	0.001239	0.228853	0.086507	0.969610	0.377960	-0.925798	-0.006610	0.897091	0.367987	-0.244568
29046	9.420176	-0.033945	-2.369361	0.001666	0.002556	-0.001532	0.228857	0.086524	0.969607	0.377975	-0.925792	-0.006600	0.897084	0.367998	-0.244578
29047	9.434507	-0.046826	-2.413839	-0.002391	0.006653	0.002588	0.228840	0.086488	0.969614	0.377948	-0.925803	-0.006619	0.897100	0.367978	-0.244549
29048	9.440167	-0.059190	-2.381593	0.001410	0.002786	0.000152	0.228848	0.086488	0.969613	0.377957	-0.925800	-0.006625	0.897094	0.367987	-0.244556
29049	9.420617	-0.073649	-2.383396	-0.000177	0.003688	0.001500	0.228854	0.086472	0.969613	0.377942	-0.925806	-0.006639	0.897099	0.367977	-0.244555
29050	9.459940	-0.045042	-2.378902	0.002742	0.002116	0.000487	0.228869	0.086471	0.969609	0.377962	-0.925797	-0.006651	0.897086	0.367998	-0.244569
29051	9.434843	-0.047177	-2.412520	-0.001253	0.004128	-0.000520	0.228863	0.086473	0.969610	0.377948	-0.925803	-0.006643	0.897094	0.367983	-0.244564
29052	9.420881	-0.073689	-2.382350	0.001744	0.006013	-0.001716	0.228835	0.086479	0.969616	0.377964	-0.925796	-0.006631	0.897094	0.367998	-0.244540
29053	9.460220	-0.045019	-2.377789	-0.001843	0.001132	0.003032	0.228868	0.086457	0.969611	0.377935	-0.925808	-0.006657	0.897098	0.367974	-0.244563
29054	9.388607	-0.030120	-2.377976	0.000784	0.004850	-0.000108	0.228856	0.086452	0.969614	0.377939	-0.925806	-0.006658	0.897099	0.367979	-0.244550
29055	9.447912	-0.065876	-2.401552	-0.001880	0.006191	-0.000780	0.228830	0.086448	0.969620	0.377920	-0.925814	-0.006646	0.897114	0.367960	-0.244524
29056	9.428246	-0.040753	-2.388025	0.001410	0.002786	0.000152	0.228837	0.086449	0.969619	0.377929	-0.925811	-0.006651	0.897108	0.367969	-0.244532
29057	9.460594	-0.045102	-2.376296	0.001410	0.002786	0.000152	0.228845	0.086452	0.969617	0.377940	-0.925806	-0.006654	0.897102	0.367979	-0.244539
29058	9.401663	-0.048666	-2.367044	-0.000292	0.005290	-0.002128	0.228821	0.086464	0.969621	0.377938	-0.925807	-0.006633	0.897108	0.367975	-0.244522
29059	9.421382	-0.034144	-2.364558	0.001666	0.002556	-0.001532	0.228826	0.086481	0.969618	0.377946	-0.925804	-0.006621	0.897104	0.367978	-0.244533
29060	9.448347	-0.065700	-2.399846	0.001154	0.003017	0.001836	0.228838	0.086465	0.969617	0.377949	-0.925803	-0.006642	0.897100	0.367985	-0.244538
29061	9.428669	-0.040609	-2.386355	-0.000292	0.005290	-0.002128	0.228813	0.086479	0.969622	0.377959	-0.925799	-0.006621	0.897102	0.367992	-0.244521
29062	9.448546	-0.065694	-2.399061	0.001154	0.003017	0.001836	0.228825	0.086463	0.969620	0.377961	-0.925798	-0.006642	0.897098	0.367999	-0.244526
29063	9.428813	-0.040750	-2.385786	0.002037	0.000723	0.000412	0.228849	0.086469	0.969614	0.377977	-0.925791	-0.006650	0.897085	0.368013	-0.244550
29064	9.447073	-0.071492	-2.344321	-0.001368	0.005730	-0.004147	0.228815	0.086498	0.969620	0.377971	-0.925794	-0.006607	0.897096	0.367999	-0.244529
29065	9.407759	-0.060464	-2.332989	-0.000371	0.001833	-0.001944	0.228824	0.086520	0.969615	0.377965	-0.925797	-0.006588	0.897097	0.367988	-0.244546
29066	9.429048	-0.040247	-2.384866	-0.000178	0.003688	0.001500	0.228829	0.086504	0.969616	0.377956	-0.925800	-0.006602	0.897099	0.367983	-0.244545
29067	9.441805	-0.059061	-2.375096	0.000527	0.005081	0.001576	0.228821	0.086484	0.969619	0.377954	-0.925801	-0.006618	0.897102	0.367985	-0.244530
29068	9.409614	-0.054899	-2.386227	-0.000883	0.002295	0.001424	0.228838	0.086474	0.969616	0.377939	-0.925807	-0.006630	0.897104	0.367973	-0.244542
29069	9.461618	-0.044906	-2.372222	0.001489	0.006244	-0.000031	0.228813	0.086466	0.969623	0.377955	-0.925800	-0.006633	0.897103	0.367992	-0.244515
29070	9.422466	-0.073635	-2.376076	-0.000627	0.002064	-0.000260	0.228825	0.086472	0.969619	0.377947	-0.925804	-0.006629	0.897104	0.367981	-0.244529
29071	9.436620	-0.046985	-2.405565	-0.000627	0.002064	-0.000260	0.228837	0.086482	0.969616	0.377943	-0.925805	-0.006623	0.897102	0.367975	-0.244544
29072	9.429579	-0.040516	-2.382758	-0.000548	0.005521	-0.000443	0.228818	0.086478	0.969620	0.377935	-0.925808	-0.006618	0.897110	0.367968	-0.244525
29073	9.436844	-0.046882	-2.404686	-0.000548	0.005521	-0.000443	0.228796	0.086474	0.969626	0.377935	-0.925809	-0.006613	0.897116	0.367968	-0.244503
29074	9.410194	-0.054868	-2.383938	0.003447	0.003509	0.000566	0.228799	0.086468	0.969626	0.377961	-0.925798	-0.006627	0.897104	0.367997	-0.244503
29075	9.429885	-0.040549	-2.381548	-0.000627	0.002064	-0.000260	0.228813	0.086477	0.969622	0.377952	-0.925802	-0.006621	0.897105	0.367985	-0.244519
29076	9.422821	-0.034252	-2.358819	-0.000434	0.003919	0.003184	0.228822	0.086445	0.969622	0.377937	-0.925807	-0.006651	0.897109	0.367978	-0.244516
29077	9.449690	-0.026350	-2.378703	-0.000292	0.005291	-0.002127	0.228797	0.086459	0.969627	0.377942	-0.925805	-0.006629	0.897113	0.367980	-0.244498
29078	9.437290	-0.047014	-2.402933	-0.000627	0.002064	-0.000260	0.228809	0.086466	0.969624	0.377934	-0.925809	-0.006625	0.897113	0.367969	-0.244512
29079	9.410589	-0.055039	-2.382376	0.001154	0.003017	0.001837	0.228822	0.086450	0.969622	0.377941	-0.925806	-0.006647	0.897107	0.367981	-0.244517
29080	9.455440	-0.038580	-2.345938	-0.002585	0.004799	-0.000856	0.228808	0.086452	0.969625	0.377916	-0.925816	-0.006633	0.897121	0.367955	-0.244505
29081	9.417926	-0.061378	-2.404043	0.002372	0.003949	-0.001454	0.228801	0.086462	0.969626	0.377931	-0.925810	-0.006625	0.897117	0.367968	-0.244502
29082	9.455625	-0.038453	-2.345197	-0.002215	0.002965	0.001087	0.228810	0.086452	0.969625	0.377905	-0.925820	-0.006631	0.897125	0.367944	-0.244508
29083	9.410957	-0.054818	-2.380926	0.001297	0.004389	-0.003474	0.228791	0.086481	0.969627	0.377922	-0.925814	-0.006600	0.897123	0.367953	-0.244501
29084	9.443328	-0.058853	-2.369038	-0.000996	0.003897	-0.002203	0.228780	0.086499	0.969628	0.377914	-0.925817	-0.006576	0.897129	0.367941	-0.244497
29085	9.470160	-0.050880	-2.389088	0.000448	0.001624	0.001760	0.228802	0.086490	0.969623	0.377918	-0.925816	-0.006595	0.897122	0.367947	-0.244515
29086	9.418343	-0.061041	-2.402416	0.000784	0.004851	-0.000106	0.228791	0.086484	0.969626	0.377922	-0.925814	-0.006597	0.897123	0.367952	-0.244502
29087	9.430889	-0.040301	-2.377572	0.002037	0.000723	0.000413	0.228818	0.086492	0.969619	0.377934	-0.925809	-0.006604	0.897111	0.367964	-0.244530
29088	9.438100	-0.046771	-2.399754	0.000784	0.004851	-0.000106	0.228806	0.086487	0.969622	0.377938	-0.925807	-0.006605	0.897112	0.367969	-0.244517
29089	9.423933	-0.033904	-2.354376	-0.000548	0.005522	-0.000443	0.228788	0.086482	0.969627	0.377927	-0.925812	-0.006600	0.897122	0.367958	-0.244498
29090	9.477748	-0.057433	-2.409779	0.000079	0.003458	-0.000183	0.228789	0.086482	0.969627	0.377925	-0.925813	-0.006599	0.897122	0.367956	-0.244499
29091	9.436757	-0.052550	-2.344290	0.001410	0.002787	0.000154	0.228799	0.086482	0.969625	0.377928	-0.925812	-0.006604	0.897119	0.367959	-0.244508
29092	9.418882	-0.061017	-2.400303	-0.000291	0.005291	-0.002126	0.228775	0.086494	0.969629	0.377927	-0.925812	-0.006583	0.897125	0.367955	-0.244491
29093	9.424289	-0.033790	-2.352952	0.000448	0.001624	0.001760	0.228799	0.086485	0.969624	0.377923	-0.925813	-0.006600	0.897121	0.367954	-0.244509
29094	9.431488	-0.040248	-2.375197	0.001667	0.002556	-0.001530	0.228802	0.086501	0.969622	0.377938	-0.925807	-0.006590	0.897113	0.367965	-0.244519
29095	9.465478	-0.038774	-2.417678	0.001153	0.003018	0.001837	0.228812	0.086485	0.969621	0.377940	-0.925807	-0.006609	0.897110	0.367971	-0.244522
29096	9.424490	-0.034010	-2.352144	-0.001510	0.004359	0.001164	0.228810	0.086470	0.969623	0.377920	-0.925814	-0.006617	0.897119	0.367954	-0.244514
29097	9.438853	-0.046937	-2.396788	0.002037	0.000723	0.000414	0.228838	0.086476	0.969616	0.377931	-0.925810	-0.006626	0.897107	0.367964	-0.244543
29098	9.426277	-0.028320	-2.405896	0.000784	0.004851	-0.000106	0.228827	0.086471	0.969619	0.377935	-0.925808	-0.006628	0.897108	0.367970	-0.244530
29099	9.412258	-0.054861	-2.375778	0.001041	0.004620	-0.001789	0.228809	0.086483	0.969622	0.377944	-0.925805	-0.006612	0.897109	0.367976	-0.244518
29100	9.444594	-0.059099	-2.363979	0.000705	0.001393	0.000077	0.228829	0.086489	0.969617	0.377947	-0.925804	-0.006615	0.897103	0.367978	-0.244539
29101	9.432032	-0.040342	-2.373036	-0.000291	0.005291	-0.002126	0.228806	0.086503	0.969621	0.377950	-0.925803	-0.006593	0.897107	0.367977	-0.244523
29102	9.451928	-0.065427	-2.385711	0.001153	0.003018	0.001838	0.228819	0.086487	0.969620	0.377952	-0.925801	-0.006614	0.897103	0.367984	-0.244528
29103	9.412552	-0.054850	-2.374612	0.002037	0.000723	0.000414	0.228845	0.086492	0.969613	0.377968	-0.925795	-0.006623	0.897090	0.367998	-0.244554
29104	9.439419	-0.046859	-2.394557	0.000414	0.006685	-0.002049	0.228809	0.086499	0.969621	0.377973	-0.925793	-0.006605	0.897097	0.368002	-0.244524
29105	9.434059	-0.034520	-2.425894	0.000079	0.003458	-0.000183	0.228809	0.086501	0.969621	0.377971	-0.925794	-0.006602	0.897098	0.367999	-0.244524
29106	9.439786	-0.086188	-2.409028	-0.000626	0.002064	-0.000260	0.228821	0.086507	0.969617	0.377962	-0.925797	-0.006598	0.897098	0.367989	-0.244539
29107	9.427036	-0.028117	-2.402923	-0.000179	0.003689	0.001501	0.228827	0.086491	0.969617	0.377948	-0.925803	-0.006611	0.897103	0.367978	-0.244538
