// General information: 
//  MT Manager version: 2019.2.0 
//  XDA version: 2019.2.0 build 3853 rev 94535 built on 2019-09-09
// Device information: 
//  DeviceId: 00B44113
//  ProductCode: MTW2-3A7G6
//  Firmware Version: 4.3.5
//  Hardware Version: 1.1.0
// Device settings: 
//  Filter Profile: human(46.1)
//  Option Flags: Orientation Smoother Disabled, AHS Disabled, ICC Disabled
// Coordinate system: ENU
PacketCounter	Acc_X	Acc_Y	Acc_Z	Gyr_X	Gyr_Y	Gyr_Z	Mat[1][1]	Mat[2][1]	Mat[3][1]	Mat[1][2]	Mat[2][2]	Mat[3][2]	Mat[1][3]	Mat[2][3]	Mat[3][3]
28840	9.635578	0.226704	-1.706151	0.006245	0.001394	-0.000775	-0.130854	-0.122895	0.983755	-0.594465	0.803838	0.021346	-0.793403	-0.582015	-0.178242
28841	9.678307	0.225008	-1.765513	0.005576	0.001181	-0.003442	-0.130860	-0.122900	0.983754	-0.594457	0.803844	0.021349	-0.793408	-0.582005	-0.178250
28842	9.632565	0.196644	-1.757226	0.005522	0.003318	-0.004096	-0.130846	-0.122898	0.983756	-0.594447	0.803851	0.021358	-0.793418	-0.581997	-0.178237
28843	9.668289	0.230071	-1.732333	0.009225	0.002619	-0.003690	-0.130839	-0.122897	0.983757	-0.594468	0.803836	0.021356	-0.793403	-0.582018	-0.178231
28844	9.642742	0.192529	-1.789419	0.006628	0.002663	-0.003164	-0.130835	-0.122891	0.983758	-0.594466	0.803837	0.021355	-0.793406	-0.582017	-0.178225
28845	9.654495	0.190606	-1.730616	0.007067	0.001795	-0.004899	-0.130828	-0.122905	0.983757	-0.594471	0.803833	0.021369	-0.793403	-0.582019	-0.178227
28846	9.637166	0.256242	-1.744968	0.006015	0.000314	-0.005176	-0.130830	-0.122930	0.983754	-0.594469	0.803834	0.021388	-0.793404	-0.582013	-0.178244
28847	9.620963	0.200294	-1.815014	0.008612	0.000272	-0.005701	-0.130830	-0.122959	0.983750	-0.594487	0.803820	0.021408	-0.793391	-0.582026	-0.178262
28848	9.687134	0.194363	-1.757183	0.007735	0.002008	-0.002231	-0.130838	-0.122950	0.983750	-0.594493	0.803816	0.021394	-0.793385	-0.582034	-0.178262
28849	9.645846	0.224432	-1.737580	0.007122	-0.000341	-0.004243	-0.130851	-0.122970	0.983746	-0.594498	0.803813	0.021402	-0.793379	-0.582034	-0.178285
28850	9.664624	0.187424	-1.762986	0.007736	0.002009	-0.002231	-0.130859	-0.122960	0.983746	-0.594504	0.803809	0.021388	-0.793374	-0.582042	-0.178286
28851	9.622641	0.203491	-1.723314	0.004470	0.001838	-0.004372	-0.130854	-0.122969	0.983746	-0.594487	0.803820	0.021402	-0.793387	-0.582024	-0.178287
28852	9.654603	0.192311	-1.729825	0.008349	0.004359	-0.000218	-0.130854	-0.122932	0.983750	-0.594497	0.803814	0.021369	-0.793379	-0.582041	-0.178265
28853	9.678601	0.227789	-1.763543	0.007067	0.001796	-0.004896	-0.130847	-0.122945	0.983750	-0.594502	0.803810	0.021383	-0.793377	-0.582043	-0.178267
28854	9.655370	0.206827	-1.749427	0.008613	0.000273	-0.005698	-0.130849	-0.122975	0.983746	-0.594524	0.803793	0.021401	-0.793360	-0.582060	-0.178287
28855	9.634289	0.227917	-1.795145	0.005522	0.003320	-0.004094	-0.130834	-0.122973	0.983748	-0.594516	0.803799	0.021411	-0.793368	-0.582052	-0.178274
28856	9.642982	0.195525	-1.787799	0.005633	-0.000952	-0.002783	-0.130861	-0.122985	0.983743	-0.594505	0.803807	0.021407	-0.793372	-0.582038	-0.178302
28857	9.668551	0.233557	-1.730402	0.005522	0.003320	-0.004094	-0.130846	-0.122983	0.983745	-0.594496	0.803813	0.021416	-0.793381	-0.582031	-0.178289
28858	9.632940	0.200575	-1.754722	0.006629	0.002666	-0.003161	-0.130842	-0.122977	0.983746	-0.594493	0.803815	0.021415	-0.793384	-0.582029	-0.178282
28859	9.656213	0.222102	-1.768521	0.009227	0.002624	-0.003685	-0.130835	-0.122976	0.983747	-0.594514	0.803800	0.021413	-0.793370	-0.582050	-0.178277
28860	9.655525	0.208238	-1.748407	0.004088	0.000572	-0.001981	-0.130855	-0.122974	0.983745	-0.594492	0.803817	0.021404	-0.793383	-0.582028	-0.178290
28861	9.623620	0.219756	-1.741521	0.007068	0.001798	-0.004894	-0.130848	-0.122988	0.983744	-0.594497	0.803813	0.021419	-0.793380	-0.582030	-0.178293
28862	9.655592	0.208639	-1.747990	0.007243	0.005017	-0.001149	-0.130838	-0.122952	0.983750	-0.594499	0.803812	0.021395	-0.793380	-0.582039	-0.178264
28863	9.633848	0.215477	-1.773515	0.005523	0.003321	-0.004093	-0.130823	-0.122951	0.983752	-0.594491	0.803818	0.021404	-0.793389	-0.582031	-0.178251
28864	9.657094	0.237044	-1.787455	0.005633	-0.000951	-0.002781	-0.130850	-0.122963	0.983747	-0.594481	0.803825	0.021401	-0.793392	-0.582018	-0.178280
28865	9.633848	0.215989	-1.773456	0.006017	0.000317	-0.005170	-0.130853	-0.122988	0.983744	-0.594478	0.803827	0.021420	-0.793394	-0.582011	-0.178296
28866	9.666505	0.218930	-1.800040	0.006191	0.003536	-0.001426	-0.130853	-0.122963	0.983747	-0.594472	0.803831	0.021401	-0.793398	-0.582010	-0.178282
28867	9.646339	0.228277	-1.734338	0.005523	0.003322	-0.004092	-0.130839	-0.122962	0.983749	-0.594464	0.803837	0.021410	-0.793407	-0.582002	-0.178269
28868	9.642652	0.184202	-1.765471	0.006401	0.001585	-0.007559	-0.130819	-0.122999	0.983747	-0.594471	0.803831	0.021451	-0.793404	-0.582003	-0.178276
28869	9.656515	0.224464	-1.766573	0.006191	0.003537	-0.001425	-0.130818	-0.122975	0.983750	-0.594464	0.803836	0.021433	-0.793409	-0.582001	-0.178261
28870	9.632648	0.189127	-1.732145	0.007243	0.005019	-0.001147	-0.130807	-0.122939	0.983756	-0.594464	0.803837	0.021410	-0.793412	-0.582007	-0.178230
28871	9.643541	0.198677	-1.784434	0.008121	0.003282	-0.004614	-0.130790	-0.122941	0.983758	-0.594477	0.803828	0.021420	-0.793405	-0.582019	-0.178218
28872	9.624063	0.222129	-1.738769	0.006631	0.002669	-0.003157	-0.130786	-0.122935	0.983759	-0.594475	0.803829	0.021418	-0.793407	-0.582019	-0.178212
28873	9.656743	0.225100	-1.765245	0.005524	0.003323	-0.004090	-0.130772	-0.122934	0.983761	-0.594466	0.803835	0.021427	-0.793416	-0.582011	-0.178199
28874	9.624848	0.236642	-1.758282	0.008177	0.001147	-0.003957	-0.130775	-0.122944	0.983759	-0.594481	0.803824	0.021430	-0.793404	-0.582023	-0.178208
28875	9.665498	0.192972	-1.757588	0.006631	0.002669	-0.003157	-0.130771	-0.122939	0.983761	-0.594480	0.803825	0.021428	-0.793406	-0.582024	-0.178202
28876	9.656129	0.211769	-1.744645	0.006631	0.002670	-0.003156	-0.130769	-0.122934	0.983762	-0.594482	0.803824	0.021426	-0.793405	-0.582026	-0.178197
28877	9.643072	0.185936	-1.762997	0.008789	0.003499	-0.001945	-0.130765	-0.122914	0.983764	-0.594496	0.803813	0.021408	-0.793394	-0.582045	-0.178183
28878	9.647502	0.244701	-1.751492	0.006019	0.000318	-0.005166	-0.130768	-0.122939	0.983761	-0.594494	0.803814	0.021428	-0.793396	-0.582038	-0.178200
28879	9.635159	0.233045	-1.789808	0.005029	0.006329	-0.003013	-0.130736	-0.122911	0.983769	-0.594480	0.803825	0.021427	-0.793411	-0.582030	-0.178157
28880	9.666422	0.208020	-1.776293	0.007126	-0.000335	-0.004232	-0.130749	-0.122933	0.983764	-0.594486	0.803820	0.021435	-0.793405	-0.582032	-0.178181
28881	9.636760	0.235991	-1.698198	0.006247	0.001404	-0.000766	-0.130770	-0.122916	0.983764	-0.594479	0.803826	0.021410	-0.793406	-0.582027	-0.178187
28882	9.666462	0.208275	-1.776044	0.008122	0.003285	-0.004610	-0.130753	-0.122919	0.983765	-0.594495	0.803814	0.021420	-0.793397	-0.582043	-0.178176
28883	9.656361	0.213110	-1.743192	0.006687	0.000535	-0.002498	-0.130770	-0.122921	0.983763	-0.594494	0.803815	0.021411	-0.793395	-0.582041	-0.178191
28884	9.633847	0.206025	-1.749102	0.006020	0.000319	-0.005164	-0.130773	-0.122945	0.983760	-0.594490	0.803817	0.021430	-0.793398	-0.582033	-0.178207
28885	9.656405	0.213424	-1.742911	0.007910	0.005240	0.001522	-0.130777	-0.122887	0.983766	-0.594493	0.803816	0.021380	-0.793395	-0.582046	-0.178176
28886	9.634657	0.220230	-1.768533	0.006404	0.001586	-0.007553	-0.130755	-0.122923	0.983765	-0.594495	0.803814	0.021421	-0.793397	-0.582043	-0.178180
28887	9.656471	0.213827	-1.742498	0.007354	0.000752	0.000169	-0.130787	-0.122902	0.983763	-0.594496	0.803814	0.021385	-0.793391	-0.582046	-0.178193
28888	9.656506	0.213961	-1.742287	0.007016	0.003939	-0.005543	-0.130759	-0.122909	0.983766	-0.594503	0.803809	0.021406	-0.793390	-0.582053	-0.178175
28889	9.657256	0.228321	-1.762022	0.004474	0.001842	-0.004365	-0.130755	-0.122918	0.983765	-0.594486	0.803820	0.021420	-0.793403	-0.582035	-0.178176
28890	9.657288	0.228586	-1.761817	0.006632	0.002673	-0.003153	-0.130752	-0.122913	0.983766	-0.594488	0.803819	0.021417	-0.793402	-0.582037	-0.178171
28891	9.644240	0.202806	-1.780187	0.006632	0.002673	-0.003153	-0.130748	-0.122908	0.983768	-0.594488	0.803820	0.021415	-0.793404	-0.582038	-0.178165
28892	9.669023	0.226863	-1.702772	0.006248	0.001406	-0.000764	-0.130767	-0.122890	0.983767	-0.594477	0.803828	0.021392	-0.793408	-0.582030	-0.178169
28893	9.634870	0.221651	-1.767189	0.007072	0.001804	-0.004884	-0.130759	-0.122903	0.983767	-0.594482	0.803824	0.021406	-0.793406	-0.582033	-0.178171
28894	9.643603	0.189538	-1.759707	0.006406	0.001587	-0.007550	-0.130739	-0.122940	0.983765	-0.594487	0.803819	0.021447	-0.793405	-0.582032	-0.178177
28895	9.624743	0.227169	-1.734352	0.008235	-0.000984	-0.003292	-0.130763	-0.122957	0.983759	-0.594499	0.803810	0.021443	-0.793392	-0.582040	-0.178207
28896	9.634925	0.222576	-1.766776	0.005696	0.006549	-0.000345	-0.130746	-0.122906	0.983768	-0.594488	0.803819	0.021415	-0.793403	-0.582039	-0.178163
28897	9.656796	0.215969	-1.740431	0.007739	0.002022	-0.002217	-0.130753	-0.122897	0.983768	-0.594495	0.803814	0.021402	-0.793397	-0.582047	-0.178163
28898	9.634313	0.208823	-1.746200	0.007073	0.001805	-0.004883	-0.130746	-0.122910	0.983767	-0.594501	0.803810	0.021416	-0.793394	-0.582050	-0.178165
28899	9.625619	0.241625	-1.753378	0.007740	0.002022	-0.002216	-0.130753	-0.122901	0.983768	-0.594507	0.803805	0.021402	-0.793388	-0.582059	-0.178166
28900	9.644507	0.204593	-1.778536	0.007073	0.001805	-0.004882	-0.130746	-0.122915	0.983767	-0.594514	0.803800	0.021416	-0.793385	-0.582063	-0.178169
28901	9.624972	0.228060	-1.732963	0.008791	0.003507	-0.001939	-0.130743	-0.122895	0.983770	-0.594528	0.803790	0.021399	-0.793374	-0.582081	-0.178154
28902	9.666371	0.198393	-1.752176	0.006022	0.000321	-0.005159	-0.130746	-0.122920	0.983766	-0.594526	0.803791	0.021418	-0.793376	-0.582074	-0.178171
28903	9.635182	0.223799	-1.765220	0.004645	0.005067	-0.000622	-0.130738	-0.122880	0.983772	-0.594506	0.803807	0.021395	-0.793392	-0.582061	-0.178141
28904	9.680244	0.238639	-1.753060	0.008181	0.001154	-0.003946	-0.130741	-0.122890	0.983771	-0.594519	0.803797	0.021398	-0.793381	-0.582073	-0.178150
28905	9.643983	0.191532	-1.757405	0.006633	0.002676	-0.003149	-0.130737	-0.122885	0.983772	-0.594518	0.803798	0.021396	-0.793383	-0.582073	-0.178143
28906	9.644024	0.191719	-1.757160	0.006633	0.002676	-0.003149	-0.130733	-0.122879	0.983773	-0.594517	0.803799	0.021394	-0.793384	-0.582073	-0.178137
28907	9.657127	0.217848	-1.738358	0.007740	0.002024	-0.002214	-0.130740	-0.122870	0.983773	-0.594523	0.803794	0.021381	-0.793378	-0.582081	-0.178137
28908	9.657873	0.231938	-1.758166	0.006633	0.002676	-0.003149	-0.130736	-0.122865	0.983774	-0.594524	0.803794	0.021379	-0.793378	-0.582082	-0.178131
28909	9.665939	0.185509	-1.730488	0.006193	0.003546	-0.001418	-0.130736	-0.122841	0.983778	-0.594517	0.803799	0.021361	-0.793383	-0.582080	-0.178116
28910	9.648509	0.250883	-1.745061	0.006024	0.000322	-0.005156	-0.130739	-0.122864	0.983774	-0.594513	0.803802	0.021379	-0.793386	-0.582071	-0.178132
28911	9.667430	0.213815	-1.770110	0.007244	0.005031	-0.001140	-0.130728	-0.122828	0.983780	-0.594514	0.803801	0.021356	-0.793387	-0.582079	-0.178103
28912	9.666754	0.199996	-1.749875	0.007131	-0.000329	-0.004221	-0.130742	-0.122848	0.983776	-0.594517	0.803799	0.021363	-0.793383	-0.582078	-0.178126
28913	9.612999	0.218048	-1.769205	0.005639	-0.000944	-0.002767	-0.130769	-0.122860	0.983771	-0.594508	0.803806	0.021359	-0.793385	-0.582066	-0.178155
28914	9.666745	0.200401	-1.749878	0.006634	0.002677	-0.003147	-0.130766	-0.122854	0.983772	-0.594506	0.803808	0.021357	-0.793387	-0.582065	-0.178148
28915	9.634840	0.211840	-1.742930	0.006634	0.002678	-0.003147	-0.130762	-0.122849	0.983773	-0.594505	0.803808	0.021355	-0.793388	-0.582066	-0.178142
28916	9.658105	0.233331	-1.756704	0.007685	0.004163	-0.002870	-0.130748	-0.122832	0.983777	-0.594511	0.803804	0.021348	-0.793386	-0.582075	-0.178121
28917	9.667567	0.214991	-1.769216	0.007573	-0.001198	-0.005949	-0.130758	-0.122871	0.983771	-0.594521	0.803796	0.021372	-0.793377	-0.582078	-0.178152
28918	9.644383	0.193876	-1.754951	0.004645	0.005070	-0.000621	-0.130752	-0.122831	0.983777	-0.594503	0.803810	0.021347	-0.793392	-0.582067	-0.178123
28919	9.648767	0.252605	-1.743383	0.008126	0.003293	-0.004599	-0.130735	-0.122834	0.983779	-0.594516	0.803800	0.021356	-0.793385	-0.582080	-0.178111
28920	9.644470	0.194304	-1.754427	0.004533	-0.000292	-0.003701	-0.130750	-0.122850	0.983775	-0.594498	0.803813	0.021365	-0.793396	-0.582058	-0.178133
28921	9.658955	0.248434	-1.775816	0.006634	0.002679	-0.003146	-0.130746	-0.122844	0.983776	-0.594497	0.803814	0.021363	-0.793397	-0.582059	-0.178126
28922	9.666327	0.188150	-1.728037	0.007685	0.004164	-0.002868	-0.130734	-0.122827	0.983780	-0.594504	0.803809	0.021354	-0.793394	-0.582069	-0.178106
28923	9.635851	0.227436	-1.761096	0.006635	0.002679	-0.003145	-0.130730	-0.122821	0.983781	-0.594503	0.803810	0.021352	-0.793395	-0.582070	-0.178100
28924	9.667128	0.202384	-1.747536	0.005142	0.002065	-0.001692	-0.130739	-0.122808	0.983781	-0.594489	0.803820	0.021339	-0.793404	-0.582058	-0.178099
28925	9.635176	0.213888	-1.740819	0.007574	-0.001197	-0.005946	-0.130749	-0.122848	0.983775	-0.594500	0.803812	0.021363	-0.793394	-0.582061	-0.178131
28926	9.679461	0.214997	-1.708885	0.007742	0.002029	-0.002209	-0.130755	-0.122839	0.983775	-0.594506	0.803808	0.021350	-0.793389	-0.582069	-0.178131
28927	9.635222	0.214449	-1.740495	0.008513	0.004561	-0.006985	-0.130714	-0.122853	0.983779	-0.594525	0.803793	0.021383	-0.793381	-0.582086	-0.178106
28928	9.667948	0.217412	-1.766840	0.006193	0.003551	-0.001414	-0.130716	-0.122829	0.983782	-0.594523	0.803795	0.021363	-0.793383	-0.582088	-0.178094
28929	9.644790	0.196196	-1.752452	0.006635	0.002681	-0.003144	-0.130712	-0.122824	0.983783	-0.594522	0.803796	0.021360	-0.793384	-0.582089	-0.178087
28930	9.658562	0.236312	-1.753794	0.006692	0.000545	-0.002485	-0.130729	-0.122827	0.983780	-0.594523	0.803795	0.021353	-0.793380	-0.582089	-0.178102
28931	9.658601	0.236499	-1.753551	0.006579	0.004817	-0.003802	-0.130704	-0.122814	0.983785	-0.594523	0.803795	0.021357	-0.793385	-0.582091	-0.178075
28932	9.654345	0.178165	-1.764476	0.007134	-0.000325	-0.004214	-0.130717	-0.122834	0.983781	-0.594526	0.803793	0.021365	-0.793380	-0.582090	-0.178098
28933	9.657978	0.223062	-1.732961	0.006081	0.007825	-0.002731	-0.130675	-0.122795	0.983791	-0.594520	0.803797	0.021360	-0.793392	-0.582092	-0.178040
28934	9.644972	0.197232	-1.751338	0.006140	-0.003947	-0.003832	-0.130719	-0.122833	0.983781	-0.594514	0.803802	0.021365	-0.793389	-0.582078	-0.178098
28935	9.636224	0.229916	-1.758732	0.007244	0.005039	-0.001136	-0.130709	-0.122797	0.983787	-0.594515	0.803801	0.021342	-0.793390	-0.582086	-0.178069
28936	9.655205	0.192797	-1.783636	0.007078	0.001811	-0.004871	-0.130701	-0.122810	0.983786	-0.594519	0.803798	0.021356	-0.793388	-0.582088	-0.178071
28937	9.636308	0.230345	-1.758217	0.006636	0.002682	-0.003142	-0.130698	-0.122805	0.983787	-0.594518	0.803798	0.021354	-0.793389	-0.582089	-0.178064
28938	9.645099	0.197915	-1.750562	0.005143	0.002067	-0.001690	-0.130706	-0.122791	0.983788	-0.594504	0.803810	0.021342	-0.793399	-0.582076	-0.178063
28939	9.658176	0.224069	-1.731726	0.005087	0.004203	-0.002349	-0.130695	-0.122770	0.983792	-0.594489	0.803820	0.021334	-0.793411	-0.582066	-0.178041
28940	9.645195	0.198262	-1.749991	0.007078	0.001812	-0.004870	-0.130687	-0.122783	0.983791	-0.594493	0.803817	0.021349	-0.793410	-0.582067	-0.178042
28941	9.635739	0.217142	-1.737294	0.009293	0.000513	-0.002997	-0.130701	-0.122789	0.983789	-0.594513	0.803803	0.021341	-0.793392	-0.582086	-0.178058
28942	9.655423	0.193707	-1.782355	0.006859	0.003775	0.001254	-0.130715	-0.122741	0.983793	-0.594506	0.803809	0.021294	-0.793395	-0.582087	-0.178040
28943	9.659018	0.238593	-1.750973	0.006414	0.001591	-0.007535	-0.130694	-0.122777	0.983791	-0.594509	0.803806	0.021336	-0.793397	-0.582084	-0.178044
28944	9.658344	0.225064	-1.730660	0.007687	0.004170	-0.002863	-0.130680	-0.122760	0.983795	-0.594515	0.803801	0.021329	-0.793394	-0.582094	-0.178023
28945	9.667864	0.206528	-1.742973	0.007744	0.002034	-0.002203	-0.130687	-0.122750	0.983795	-0.594522	0.803797	0.021315	-0.793388	-0.582103	-0.178023
28946	9.637352	0.245594	-1.776273	0.006251	0.001419	-0.000752	-0.130707	-0.122733	0.983795	-0.594516	0.803802	0.021291	-0.793389	-0.582099	-0.178029
28947	9.699876	0.195471	-1.749331	0.007079	0.001813	-0.004868	-0.130700	-0.122746	0.983794	-0.594521	0.803798	0.021305	-0.793387	-0.582101	-0.178032
28948	9.637385	0.245978	-1.776037	0.006693	0.000548	-0.002480	-0.130718	-0.122747	0.983792	-0.594520	0.803799	0.021295	-0.793385	-0.582100	-0.178047
28949	9.614226	0.224842	-1.761672	0.003980	0.004855	-0.003284	-0.130696	-0.122730	0.983797	-0.594498	0.803815	0.021299	-0.793404	-0.582081	-0.178018
28950	9.667994	0.207336	-1.742152	0.008243	-0.000972	-0.003271	-0.130722	-0.122746	0.983791	-0.594510	0.803806	0.021294	-0.793391	-0.582090	-0.178049
28951	9.655687	0.195560	-1.780721	0.006415	0.001592	-0.007532	-0.130700	-0.122782	0.983790	-0.594513	0.803803	0.021335	-0.793392	-0.582087	-0.178053
28952	9.658533	0.226725	-1.729387	0.005144	0.002070	-0.001687	-0.130710	-0.122770	0.983790	-0.594501	0.803812	0.021322	-0.793400	-0.582077	-0.178053
28953	9.645582	0.200871	-1.747558	0.005473	0.005471	-0.004735	-0.130675	-0.122761	0.983796	-0.594494	0.803817	0.021338	-0.793411	-0.582072	-0.178019
28954	9.668839	0.222409	-1.761331	0.007744	0.002037	-0.002201	-0.130681	-0.122751	0.983796	-0.594498	0.803814	0.021325	-0.793407	-0.582078	-0.178018
28955	9.645668	0.201110	-1.747056	0.006251	0.001421	-0.000750	-0.130701	-0.122733	0.983796	-0.594491	0.803820	0.021300	-0.793409	-0.582074	-0.178024
28956	9.660105	0.255150	-1.768592	0.006030	0.000328	-0.005143	-0.130704	-0.122757	0.983792	-0.594487	0.803823	0.021319	-0.793412	-0.582065	-0.178040
28957	9.645703	0.201501	-1.746817	0.011395	0.003492	-0.002436	-0.130698	-0.122741	0.983795	-0.594523	0.803797	0.021301	-0.793386	-0.582104	-0.178027
28958	9.679148	0.218219	-1.793270	0.002930	0.003368	-0.003561	-0.130688	-0.122735	0.983797	-0.594495	0.803817	0.021309	-0.793408	-0.582078	-0.178014
28959	9.646510	0.215738	-1.766317	0.007745	0.002038	-0.002199	-0.130695	-0.122726	0.983797	-0.594502	0.803812	0.021295	-0.793402	-0.582086	-0.178014
28960	9.623344	0.194497	-1.752009	0.007745	0.002038	-0.002199	-0.130702	-0.122716	0.983798	-0.594510	0.803807	0.021281	-0.793395	-0.582096	-0.178015
28961	9.679966	0.232434	-1.812722	0.005144	0.002071	-0.001686	-0.130712	-0.122702	0.983798	-0.594495	0.803818	0.021267	-0.793404	-0.582083	-0.178015
28962	9.646592	0.215983	-1.765839	0.006695	0.000551	-0.002476	-0.130729	-0.122704	0.983796	-0.594494	0.803819	0.021258	-0.793402	-0.582081	-0.178029
28963	9.658901	0.228341	-1.727120	0.006638	0.002687	-0.003136	-0.130725	-0.122698	0.983797	-0.594493	0.803820	0.021256	-0.793403	-0.582082	-0.178023
28964	9.646663	0.216433	-1.765392	0.007024	0.003952	-0.005523	-0.130698	-0.122704	0.983800	-0.594497	0.803816	0.021276	-0.793405	-0.582086	-0.178004
28965	9.668493	0.210207	-1.739038	0.008796	0.003527	-0.001920	-0.130694	-0.122683	0.983803	-0.594512	0.803806	0.021258	-0.793394	-0.582104	-0.177989
28966	9.669222	0.224186	-1.759000	0.005645	-0.000936	-0.002752	-0.130721	-0.122695	0.983798	-0.594501	0.803814	0.021255	-0.793398	-0.582090	-0.178017
28967	9.614059	0.214215	-1.738201	0.007745	0.002040	-0.002197	-0.130728	-0.122685	0.983798	-0.594508	0.803809	0.021241	-0.793392	-0.582099	-0.178018
28968	9.691728	0.231842	-1.752911	0.004094	0.000584	-0.001962	-0.130813	-0.122911	0.983759	-0.594472	0.803832	0.021382	-0.793405	-0.582020	-0.178218
28969	9.613394	0.200455	-1.717857	0.007302	0.002912	-0.000469	-0.130823	-0.122882	0.983761	-0.594473	0.803832	0.021353	-0.793403	-0.582025	-0.178210
28970	9.657039	0.212249	-1.797011	0.006638	0.002689	-0.003134	-0.130819	-0.122877	0.983762	-0.594471	0.803834	0.021351	-0.793405	-0.582025	-0.178203
28971	9.656364	0.198504	-1.776720	0.007746	0.002041	-0.002196	-0.130826	-0.122867	0.983762	-0.594477	0.803829	0.021337	-0.793398	-0.582033	-0.178204
28972	9.678874	0.206152	-1.770607	0.004481	0.001849	-0.004349	-0.130823	-0.122877	0.983762	-0.594462	0.803840	0.021351	-0.793411	-0.582016	-0.178206
28973	9.637446	0.236220	-1.751188	0.008796	0.003530	-0.001918	-0.130819	-0.122856	0.983765	-0.594476	0.803830	0.021333	-0.793400	-0.582034	-0.178192
28974	9.633286	0.177636	-1.761904	0.007746	0.002042	-0.002195	-0.130827	-0.122847	0.983765	-0.594484	0.803825	0.021319	-0.793394	-0.582043	-0.178192
28975	9.660001	0.243794	-1.744823	0.007746	0.002042	-0.002195	-0.130833	-0.122837	0.983765	-0.594490	0.803821	0.021306	-0.793388	-0.582051	-0.178192
28976	9.646339	0.203950	-1.743018	0.006639	0.002690	-0.003133	-0.130828	-0.122832	0.983766	-0.594489	0.803821	0.021305	-0.793389	-0.582051	-0.178185
28977	9.647082	0.218081	-1.762897	0.007083	0.001818	-0.004859	-0.130821	-0.122846	0.983766	-0.594494	0.803817	0.021319	-0.793387	-0.582054	-0.178187
28978	9.636903	0.223148	-1.730064	0.006639	0.002690	-0.003132	-0.130818	-0.122840	0.983767	-0.594495	0.803817	0.021316	-0.793386	-0.582056	-0.178182
28979	9.646437	0.204614	-1.742397	0.007747	0.002043	-0.002194	-0.130825	-0.122831	0.983767	-0.594502	0.803812	0.021303	-0.793380	-0.582064	-0.178182
28980	9.634202	0.192434	-1.780784	0.007747	0.002043	-0.002193	-0.130832	-0.122821	0.983767	-0.594505	0.803810	0.021290	-0.793377	-0.582070	-0.178181
28981	9.668964	0.212240	-1.736168	0.006697	0.000555	-0.002471	-0.130849	-0.122822	0.983765	-0.594504	0.803811	0.021281	-0.793375	-0.582068	-0.178196
28982	9.647234	0.218968	-1.761958	0.005919	0.004602	-0.006457	-0.130811	-0.122832	0.983769	-0.594505	0.803809	0.021312	-0.793380	-0.582067	-0.178172
28983	9.625509	0.225556	-1.787739	0.007360	0.000780	0.000195	-0.130842	-0.122811	0.983767	-0.594505	0.803810	0.021276	-0.793375	-0.582071	-0.178184
28984	9.656106	0.186625	-1.753938	0.007690	0.004180	-0.002853	-0.130829	-0.122796	0.983771	-0.594515	0.803803	0.021269	-0.793370	-0.582084	-0.178164
28985	9.637865	0.237981	-1.748638	0.006640	0.002692	-0.003131	-0.130825	-0.122790	0.983772	-0.594514	0.803804	0.021267	-0.793371	-0.582084	-0.178158
28986	9.647382	0.219543	-1.761074	0.007141	-0.000317	-0.004195	-0.130839	-0.122811	0.983768	-0.594519	0.803800	0.021274	-0.793365	-0.582085	-0.178182
28987	9.656184	0.187199	-1.753448	0.007747	0.002045	-0.002192	-0.130846	-0.122801	0.983768	-0.594525	0.803796	0.021261	-0.793359	-0.582093	-0.178182
28988	9.660395	0.245982	-1.742330	0.009242	0.002662	-0.003640	-0.130840	-0.122800	0.983769	-0.594546	0.803780	0.021259	-0.793345	-0.582115	-0.178177
28989	9.646771	0.206222	-1.740356	0.003981	0.004859	-0.003281	-0.130818	-0.122783	0.983774	-0.594525	0.803796	0.021263	-0.793364	-0.582096	-0.178148
28990	9.646798	0.206431	-1.740181	0.008249	-0.000963	-0.003255	-0.130843	-0.122799	0.983769	-0.594537	0.803787	0.021258	-0.793351	-0.582106	-0.178179
28991	9.656276	0.188195	-1.752835	0.004321	-0.001383	-0.008075	-0.130842	-0.122857	0.983761	-0.594525	0.803795	0.021309	-0.793361	-0.582082	-0.178212
28992	9.647514	0.221032	-1.760168	0.008296	0.006544	-0.000848	-0.130822	-0.122811	0.983770	-0.594535	0.803788	0.021281	-0.793356	-0.582102	-0.178168
28993	9.648289	0.234957	-1.779908	0.005590	0.001204	-0.003406	-0.130828	-0.122816	0.983768	-0.594526	0.803795	0.021283	-0.793362	-0.582092	-0.178176
28994	9.646144	0.193767	-1.719626	0.007587	-0.001187	-0.005918	-0.130838	-0.122856	0.983762	-0.594538	0.803785	0.021307	-0.793351	-0.582096	-0.178208
28995	9.646859	0.207920	-1.739667	0.006640	0.002694	-0.003128	-0.130835	-0.122850	0.983763	-0.594537	0.803786	0.021305	-0.793352	-0.582096	-0.178202
28996	9.669377	0.215630	-1.733452	0.005533	0.003341	-0.004067	-0.130821	-0.122848	0.983765	-0.594530	0.803791	0.021314	-0.793360	-0.582090	-0.178190
28997	9.624458	0.200903	-1.745154	0.009300	0.000529	-0.002975	-0.130835	-0.122854	0.983763	-0.594550	0.803776	0.021305	-0.793342	-0.582109	-0.178205
28998	9.666709	0.184796	-1.784163	0.006859	0.003793	0.001262	-0.130849	-0.122808	0.983767	-0.594549	0.803779	0.021259	-0.793341	-0.582115	-0.178189
28999	9.669496	0.215815	-1.732762	0.008135	0.003312	-0.004575	-0.130832	-0.122810	0.983769	-0.594562	0.803769	0.021268	-0.793334	-0.582128	-0.178177
29000	9.626012	0.228857	-1.784609	0.004484	0.001851	-0.004344	-0.130828	-0.122819	0.983768	-0.594545	0.803781	0.021282	-0.793348	-0.582110	-0.178178
29001	9.656597	0.190272	-1.750839	0.005591	0.001205	-0.003404	-0.130834	-0.122824	0.983767	-0.594536	0.803787	0.021285	-0.793353	-0.582100	-0.178186
29002	9.647822	0.222855	-1.758246	0.007304	0.002922	-0.000462	-0.130844	-0.122796	0.983769	-0.594536	0.803788	0.021256	-0.793352	-0.582105	-0.178178
29003	9.647859	0.222983	-1.758029	0.004484	0.001852	-0.004343	-0.130840	-0.122805	0.983768	-0.594520	0.803800	0.021269	-0.793364	-0.582087	-0.178179
29004	9.647872	0.223214	-1.757925	0.006699	0.000560	-0.002464	-0.130858	-0.122808	0.983765	-0.594523	0.803798	0.021260	-0.793359	-0.582089	-0.178196
29005	9.634946	0.197397	-1.776206	0.004871	0.003115	-0.006730	-0.130830	-0.122829	0.983767	-0.594512	0.803804	0.021296	-0.793372	-0.582075	-0.178185
29006	9.657444	0.205082	-1.770093	0.007361	0.000787	0.000201	-0.130860	-0.122807	0.983765	-0.594511	0.803807	0.021261	-0.793368	-0.582077	-0.178196
29007	9.647250	0.210123	-1.737231	0.005921	0.004605	-0.006452	-0.130821	-0.122817	0.983769	-0.594508	0.803808	0.021292	-0.793376	-0.582073	-0.178171
29008	9.658238	0.219464	-1.789689	0.005592	0.001206	-0.003403	-0.130827	-0.122823	0.983768	-0.594500	0.803814	0.021296	-0.793381	-0.582064	-0.178179
29009	9.647309	0.210596	-1.736848	0.006254	0.001434	-0.000738	-0.130848	-0.122805	0.983767	-0.594493	0.803819	0.021271	-0.793383	-0.582059	-0.178185
29010	9.648047	0.224625	-1.756785	0.005979	0.002470	-0.005789	-0.130831	-0.122823	0.983767	-0.594493	0.803819	0.021295	-0.793386	-0.582057	-0.178181
29011	9.624900	0.203585	-1.742406	0.007749	0.002051	-0.002185	-0.130838	-0.122813	0.983767	-0.594500	0.803814	0.021281	-0.793380	-0.582065	-0.178182
29012	9.657637	0.206091	-1.768922	0.009519	0.001633	0.001420	-0.130869	-0.122777	0.983768	-0.594514	0.803805	0.021230	-0.793364	-0.582085	-0.178186
29013	9.625678	0.217418	-1.762148	0.004872	0.003116	-0.006729	-0.130841	-0.122798	0.983769	-0.594504	0.803812	0.021266	-0.793376	-0.582072	-0.178175
29014	9.656971	0.192770	-1.748500	0.008252	-0.000957	-0.003246	-0.130866	-0.122815	0.983763	-0.594519	0.803801	0.021262	-0.793361	-0.582083	-0.178206
29015	9.657714	0.206659	-1.768435	0.007246	0.005062	-0.001122	-0.130855	-0.122780	0.983769	-0.594520	0.803800	0.021239	-0.793362	-0.582091	-0.178176
29016	9.625768	0.217962	-1.761594	0.008195	0.001180	-0.003908	-0.130858	-0.122789	0.983768	-0.594529	0.803793	0.021243	-0.793354	-0.582099	-0.178184
29017	9.660472	0.238108	-1.716984	0.007088	0.001825	-0.004848	-0.130851	-0.122802	0.983767	-0.594534	0.803789	0.021257	-0.793352	-0.582102	-0.178186
29018	9.657813	0.207317	-1.767816	0.006642	0.002699	-0.003123	-0.130847	-0.122796	0.983768	-0.594533	0.803790	0.021255	-0.793354	-0.582101	-0.178179
29019	9.646872	0.198620	-1.714984	0.007146	-0.000310	-0.004184	-0.130860	-0.122816	0.983764	-0.594537	0.803787	0.021262	-0.793348	-0.582102	-0.178203
29020	9.625837	0.219106	-1.761074	0.005980	0.002471	-0.005787	-0.130843	-0.122833	0.983764	-0.594535	0.803788	0.021286	-0.793352	-0.582098	-0.178199
29021	9.657170	0.194349	-1.747225	0.008800	0.003545	-0.001905	-0.130840	-0.122813	0.983767	-0.594550	0.803777	0.021268	-0.793342	-0.582116	-0.178185
29022	9.636183	0.214621	-1.793092	0.005535	0.003345	-0.004062	-0.130826	-0.122812	0.983769	-0.594543	0.803782	0.021278	-0.793350	-0.582109	-0.178172
29023	9.670875	0.234734	-1.748509	0.005651	-0.000927	-0.002736	-0.130853	-0.122824	0.983764	-0.594534	0.803789	0.021273	-0.793352	-0.582097	-0.178201
29024	9.635515	0.201252	-1.772686	0.006585	0.004836	-0.003785	-0.130829	-0.122812	0.983769	-0.594537	0.803787	0.021278	-0.793354	-0.582103	-0.178175
29025	9.679788	0.202670	-1.740336	0.006643	0.002700	-0.003121	-0.130825	-0.122807	0.983770	-0.594536	0.803788	0.021276	-0.793355	-0.582103	-0.178168
29026	9.603614	0.212839	-1.765549	0.006643	0.002700	-0.003121	-0.130820	-0.122801	0.983771	-0.594532	0.803790	0.021274	-0.793359	-0.582100	-0.178161
29027	9.671043	0.235587	-1.747462	0.005535	0.003345	-0.004061	-0.130806	-0.122799	0.983774	-0.594524	0.803796	0.021283	-0.793367	-0.582093	-0.178148
29028	9.648650	0.228222	-1.753007	0.007247	0.005066	-0.001120	-0.130795	-0.122764	0.983779	-0.594524	0.803796	0.021261	-0.793368	-0.582100	-0.178118
29029	9.657508	0.195943	-1.745178	0.007593	-0.001182	-0.005904	-0.130805	-0.122803	0.983773	-0.594535	0.803788	0.021284	-0.793359	-0.582103	-0.178150
29030	9.647981	0.215114	-1.732555	0.005924	0.004608	-0.006447	-0.130767	-0.122813	0.983777	-0.594531	0.803790	0.021316	-0.793368	-0.582099	-0.178125
29031	9.627012	0.235329	-1.778365	0.006859	0.003804	0.001268	-0.130780	-0.122765	0.983781	-0.594527	0.803795	0.021270	-0.793369	-0.582102	-0.178108
29032	9.667159	0.177772	-1.757006	0.006760	-0.001570	-0.001793	-0.130818	-0.122774	0.983775	-0.594525	0.803796	0.021255	-0.793364	-0.582098	-0.178143
29033	9.627022	0.235374	-1.778306	0.005594	0.001210	-0.003397	-0.130824	-0.122779	0.983774	-0.594516	0.803803	0.021258	-0.793370	-0.582088	-0.178151
29034	9.657637	0.196874	-1.744362	0.008139	0.003320	-0.004565	-0.130809	-0.122781	0.983775	-0.594530	0.803792	0.021266	-0.793362	-0.582102	-0.178140
29035	9.658393	0.210903	-1.764222	0.006644	0.002702	-0.003119	-0.130805	-0.122775	0.983777	-0.594529	0.803793	0.021263	-0.793363	-0.582103	-0.178133
29036	9.648884	0.229783	-1.751513	0.006644	0.002702	-0.003119	-0.130800	-0.122769	0.983778	-0.594526	0.803795	0.021261	-0.793366	-0.582101	-0.178126
29037	9.645549	0.185027	-1.782228	0.006702	0.000567	-0.002455	-0.130817	-0.122770	0.983776	-0.594525	0.803796	0.021252	-0.793364	-0.582099	-0.178140
29038	9.627186	0.236411	-1.777276	0.008140	0.003321	-0.004564	-0.130799	-0.122772	0.983778	-0.594537	0.803787	0.021263	-0.793359	-0.582111	-0.178128
29039	9.681009	0.219101	-1.757329	0.004644	0.005095	-0.000613	-0.130791	-0.122732	0.983784	-0.594517	0.803803	0.021239	-0.793375	-0.582098	-0.178097
29040	9.649046	0.230331	-1.750549	0.006702	0.000567	-0.002454	-0.130809	-0.122734	0.983781	-0.594516	0.803804	0.021230	-0.793373	-0.582096	-0.178112
29041	9.636143	0.204367	-1.768911	0.006041	0.000338	-0.005118	-0.130812	-0.122758	0.983778	-0.594513	0.803805	0.021249	-0.793374	-0.582089	-0.178128
29042	9.659314	0.225972	-1.783055	0.005595	0.001211	-0.003395	-0.130819	-0.122761	0.983776	-0.594500	0.803815	0.021250	-0.793383	-0.582075	-0.178136
29043	9.625900	0.209882	-1.736120	0.007091	0.001830	-0.004840	-0.130812	-0.122774	0.983776	-0.594505	0.803811	0.021264	-0.793380	-0.582078	-0.178138
29044	9.658634	0.212901	-1.762660	0.007537	0.000957	-0.006562	-0.130801	-0.122805	0.983773	-0.594512	0.803805	0.021294	-0.793376	-0.582080	-0.178148
29045	9.670870	0.225459	-1.723844	0.007908	0.005301	0.001547	-0.130805	-0.122746	0.983780	-0.594515	0.803804	0.021243	-0.793374	-0.582094	-0.178116
29046	9.658018	0.199286	-1.741974	0.008645	0.000313	-0.005620	-0.130806	-0.122774	0.983777	-0.594534	0.803789	0.021261	-0.793359	-0.582108	-0.178134
29047	9.649211	0.231944	-1.749428	0.004644	0.005096	-0.000613	-0.130798	-0.122734	0.983783	-0.594514	0.803805	0.021238	-0.793376	-0.582095	-0.178103
29048	9.658812	0.213425	-1.761622	0.006042	0.000338	-0.005116	-0.130801	-0.122759	0.983779	-0.594512	0.803806	0.021256	-0.793377	-0.582088	-0.178120
29049	9.649264	0.232358	-1.749078	0.007752	0.002062	-0.002174	-0.130808	-0.122749	0.983779	-0.594518	0.803801	0.021243	-0.793371	-0.582096	-0.178120
29050	9.645966	0.187685	-1.779695	0.005984	0.002475	-0.005779	-0.130790	-0.122767	0.983780	-0.594516	0.803802	0.021269	-0.793376	-0.582091	-0.178116
29051	9.661517	0.245333	-1.710074	0.008802	0.003555	-0.001896	-0.130787	-0.122746	0.983783	-0.594531	0.803792	0.021251	-0.793365	-0.582110	-0.178102
29052	9.626239	0.211650	-1.734027	0.005090	0.004223	-0.002335	-0.130775	-0.122726	0.983787	-0.594517	0.803803	0.021244	-0.793378	-0.582099	-0.178080
29053	9.658983	0.214527	-1.760547	0.007597	-0.001178	-0.005894	-0.130785	-0.122765	0.983780	-0.594527	0.803794	0.021267	-0.793368	-0.582102	-0.178112
29054	9.636551	0.207089	-1.766372	0.006859	0.003811	0.001271	-0.130799	-0.122718	0.983785	-0.594522	0.803799	0.021222	-0.793370	-0.582105	-0.178094
29055	9.636609	0.207116	-1.766047	0.010745	0.003301	-0.005061	-0.130778	-0.122724	0.983786	-0.594556	0.803774	0.021232	-0.793347	-0.582139	-0.178083
29056	9.649528	0.233678	-1.747446	0.004489	0.001857	-0.004333	-0.130775	-0.122735	0.983786	-0.594543	0.803783	0.021245	-0.793358	-0.582125	-0.178086
29057	9.645535	0.175230	-1.757880	0.006645	0.002707	-0.003114	-0.130771	-0.122729	0.983787	-0.594542	0.803784	0.021243	-0.793359	-0.582125	-0.178079
29058	9.617576	0.245239	-1.740534	0.007753	0.002064	-0.002171	-0.130779	-0.122719	0.983787	-0.594550	0.803778	0.021228	-0.793352	-0.582134	-0.178079
29059	9.668036	0.183128	-1.751623	0.006044	0.000340	-0.005112	-0.130782	-0.122743	0.983784	-0.594547	0.803780	0.021247	-0.793354	-0.582127	-0.178096
29060	9.640764	0.267048	-1.754527	0.006646	0.002708	-0.003113	-0.130778	-0.122736	0.983785	-0.594546	0.803781	0.021244	-0.793355	-0.582127	-0.178089
29061	9.622481	0.154842	-1.742992	0.007093	0.001834	-0.004834	-0.130771	-0.122749	0.983784	-0.594551	0.803777	0.021258	-0.793353	-0.582130	-0.178091
29062	9.649680	0.235058	-1.746420	0.007753	0.002066	-0.002170	-0.130778	-0.122740	0.983785	-0.594558	0.803772	0.021244	-0.793346	-0.582138	-0.178091
29063	9.658547	0.202717	-1.738640	0.005656	-0.000921	-0.002725	-0.130805	-0.122752	0.983779	-0.594548	0.803779	0.021240	-0.793349	-0.582126	-0.178120
29064	9.658561	0.202949	-1.738538	0.008142	0.003328	-0.004556	-0.130789	-0.122755	0.983781	-0.594564	0.803767	0.021249	-0.793340	-0.582142	-0.178109
29065	9.626570	0.214378	-1.731849	0.005597	0.001215	-0.003389	-0.130795	-0.122760	0.983780	-0.594555	0.803774	0.021251	-0.793345	-0.582132	-0.178117
29066	9.658625	0.203286	-1.738145	0.007306	0.002941	-0.000448	-0.130805	-0.122733	0.983782	-0.594558	0.803772	0.021222	-0.793341	-0.582140	-0.178109
29067	9.660082	0.230902	-1.778257	0.004489	0.001858	-0.004331	-0.130801	-0.122742	0.983781	-0.594542	0.803784	0.021236	-0.793354	-0.582122	-0.178110
29068	9.636962	0.209926	-1.763790	0.008143	0.003329	-0.004555	-0.130784	-0.122744	0.983783	-0.594556	0.803774	0.021245	-0.793347	-0.582135	-0.178099
29069	9.636989	0.210133	-1.763618	0.006705	0.000574	-0.002446	-0.130801	-0.122745	0.983781	-0.594554	0.803775	0.021236	-0.793345	-0.582133	-0.178113
29070	9.636298	0.196487	-1.743333	0.005150	0.002090	-0.001667	-0.130811	-0.122732	0.983781	-0.594542	0.803784	0.021221	-0.793352	-0.582124	-0.178113
29071	9.649906	0.236565	-1.744969	0.007754	0.002068	-0.002168	-0.130818	-0.122722	0.983781	-0.594549	0.803780	0.021208	-0.793346	-0.582132	-0.178113
29072	9.669107	0.199318	-1.769541	0.005539	0.003352	-0.004053	-0.130804	-0.122720	0.983784	-0.594540	0.803786	0.021217	-0.793355	-0.582124	-0.178100
29073	9.649991	0.236988	-1.744441	0.004042	0.002733	-0.002609	-0.130803	-0.122710	0.983785	-0.594518	0.803802	0.021214	-0.793372	-0.582103	-0.178093
29074	9.637171	0.210898	-1.762534	0.006647	0.002710	-0.003110	-0.130800	-0.122704	0.983786	-0.594519	0.803802	0.021211	-0.793372	-0.582105	-0.178087
29075	9.637202	0.211159	-1.762329	0.007095	0.001836	-0.004830	-0.130793	-0.122717	0.983785	-0.594524	0.803798	0.021225	-0.793369	-0.582108	-0.178090
29076	9.659672	0.218924	-1.756221	0.007755	0.002069	-0.002167	-0.130801	-0.122709	0.983785	-0.594533	0.803791	0.021211	-0.793361	-0.582119	-0.178091
29077	9.637256	0.211572	-1.761984	0.007095	0.001836	-0.004830	-0.130794	-0.122722	0.983785	-0.594538	0.803787	0.021224	-0.793358	-0.582122	-0.178093
29078	9.637291	0.211891	-1.761755	0.010748	0.003309	-0.005052	-0.130773	-0.122727	0.983787	-0.594571	0.803762	0.021234	-0.793337	-0.582155	-0.178081
29079	9.636630	0.198459	-1.741275	0.005539	0.003353	-0.004052	-0.130759	-0.122725	0.983789	-0.594563	0.803768	0.021243	-0.793346	-0.582147	-0.178068
29080	9.660491	0.233728	-1.775663	0.007213	-0.002435	-0.003498	-0.130794	-0.122753	0.983781	-0.594568	0.803765	0.021243	-0.793336	-0.582146	-0.178113
29081	9.659063	0.206418	-1.735337	0.005150	0.002092	-0.001665	-0.130804	-0.122739	0.983781	-0.594553	0.803776	0.021229	-0.793345	-0.582134	-0.178112
29082	9.637351	0.212671	-1.761334	0.006706	0.000576	-0.002442	-0.130820	-0.122741	0.983779	-0.594552	0.803777	0.021221	-0.793344	-0.582131	-0.178126
29083	9.659110	0.206531	-1.735065	0.007307	0.002946	-0.000445	-0.130830	-0.122712	0.983781	-0.594553	0.803777	0.021191	-0.793341	-0.582137	-0.178117
29084	9.627834	0.231457	-1.748530	0.006647	0.002712	-0.003108	-0.130827	-0.122707	0.983782	-0.594554	0.803776	0.021189	-0.793341	-0.582140	-0.178112
29085	9.669488	0.201843	-1.767172	0.007096	0.001838	-0.004828	-0.130820	-0.122720	0.983781	-0.594559	0.803772	0.021202	-0.793338	-0.582143	-0.178114
29086	9.659923	0.220773	-1.754610	0.007755	0.002072	-0.002164	-0.130828	-0.122710	0.983782	-0.594567	0.803767	0.021188	-0.793331	-0.582153	-0.178115
29087	9.650343	0.239726	-1.742121	0.006047	0.000343	-0.005104	-0.130831	-0.122734	0.983778	-0.594564	0.803768	0.021206	-0.793332	-0.582145	-0.178131
29088	9.647119	0.194912	-1.772652	0.006199	0.003588	-0.001387	-0.130831	-0.122708	0.983781	-0.594557	0.803775	0.021186	-0.793338	-0.582142	-0.178116
29089	9.660709	0.235051	-1.774303	0.008204	0.001198	-0.003883	-0.130835	-0.122717	0.983780	-0.594569	0.803765	0.021189	-0.793328	-0.582153	-0.178124
29090	9.637593	0.214025	-1.759846	0.005540	0.003355	-0.004050	-0.130820	-0.122716	0.983782	-0.594562	0.803770	0.021199	-0.793336	-0.582146	-0.178112
29091	9.636915	0.200575	-1.739454	0.008204	0.001198	-0.003882	-0.130824	-0.122725	0.983780	-0.594575	0.803761	0.021201	-0.793326	-0.582157	-0.178120
29092	9.669710	0.203242	-1.765800	0.007248	0.005085	-0.001109	-0.130813	-0.122689	0.983786	-0.594576	0.803761	0.021177	-0.793327	-0.582165	-0.178091
29093	9.637720	0.214439	-1.759098	0.006707	0.000579	-0.002439	-0.130831	-0.122690	0.983784	-0.594575	0.803762	0.021168	-0.793325	-0.582163	-0.178105
29094	9.650557	0.240997	-1.740756	0.006048	0.000344	-0.005102	-0.130833	-0.122714	0.983780	-0.594571	0.803764	0.021187	-0.793327	-0.582156	-0.178121
29095	9.669034	0.190112	-1.745361	0.008264	-0.000937	-0.003215	-0.130858	-0.122730	0.983775	-0.594584	0.803755	0.021183	-0.793314	-0.582165	-0.178151
29096	9.637024	0.201467	-1.738746	0.006589	0.004851	-0.003771	-0.130834	-0.122719	0.983780	-0.594587	0.803752	0.021187	-0.793315	-0.582171	-0.178125
29097	9.637792	0.215386	-1.758588	0.006648	0.002715	-0.003105	-0.130830	-0.122713	0.983781	-0.594586	0.803753	0.021185	-0.793316	-0.582171	-0.178118
29098	9.669862	0.204502	-1.764820	0.007097	0.001840	-0.004824	-0.130821	-0.122726	0.983781	-0.594589	0.803750	0.021200	-0.793315	-0.582172	-0.178119
29099	9.637846	0.215987	-1.758221	0.007097	0.001840	-0.004823	-0.130814	-0.122738	0.983780	-0.594594	0.803746	0.021213	-0.793313	-0.582175	-0.178121
29100	9.637823	0.216340	-1.758304	0.005060	-0.003286	-0.004711	-0.130849	-0.122782	0.983770	-0.594586	0.803752	0.021230	-0.793314	-0.582157	-0.178174
29101	9.669151	0.191694	-1.744539	0.006200	0.003592	-0.001385	-0.130848	-0.122757	0.983773	-0.594579	0.803757	0.021211	-0.793319	-0.582155	-0.178159
29102	9.660334	0.224237	-1.751904	0.007638	0.006348	-0.003493	-0.130813	-0.122732	0.983781	-0.594585	0.803753	0.021211	-0.793320	-0.582167	-0.178116
29103	9.615537	0.209194	-1.763378	0.005151	0.002096	-0.001662	-0.130823	-0.122718	0.983781	-0.594570	0.803764	0.021197	-0.793329	-0.582154	-0.178115
