// General information: 
//  MT Manager version: 2019.2.0 
//  XDA version: 2019.2.0 build 3853 rev 94535 built on 2019-09-09
// Device information: 
//  DeviceId: 00B43F80
//  ProductCode: MTW2-3A7G6
//  Firmware Version: 4.3.5
//  Hardware Version: 1.1.0
// Device settings: 
//  Filter Profile: human(46.1)
//  Option Flags: Orientation Smoother Disabled, AHS Disabled, ICC Disabled
// Coordinate system: ENU
PacketCounter	Acc_X	Acc_Y	Acc_Z	Gyr_X	Gyr_Y	Gyr_Z	Mat[1][1]	Mat[2][1]	Mat[3][1]	Mat[1][2]	Mat[2][2]	Mat[3][2]	Mat[1][3]	Mat[2][3]	Mat[3][3]
28840	9.522747	-0.466123	2.206621	0.003688	-0.000214	0.006154	0.225148	0.048874	0.973098	-0.017842	0.998780	-0.046036	-0.974161	-0.006997	0.225746
28841	9.532972	-0.434199	2.200312	0.003444	-0.001482	0.005056	0.225143	0.048867	0.973100	-0.017837	0.998781	-0.046030	-0.974162	-0.006994	0.225740
28842	9.532975	-0.434559	2.200228	0.006312	-0.000736	0.004755	0.225144	0.048859	0.973100	-0.017862	0.998781	-0.046015	-0.974162	-0.007022	0.225742
28843	9.527971	-0.464481	2.230077	0.000819	-0.000959	0.006455	0.225145	0.048866	0.973099	-0.017839	0.998781	-0.046029	-0.974162	-0.006996	0.225742
28844	9.538664	-0.460299	2.176711	0.003687	-0.000213	0.006155	0.225151	0.048872	0.973097	-0.017843	0.998781	-0.046034	-0.974161	-0.006998	0.225748
28845	9.543878	-0.457893	2.200375	0.003687	-0.000213	0.006155	0.225156	0.048877	0.973096	-0.017830	0.998780	-0.046041	-0.974160	-0.006984	0.225753
28846	9.500764	-0.425359	2.205893	0.003930	0.001055	0.007254	0.225174	0.048893	0.973091	-0.017839	0.998780	-0.046056	-0.974155	-0.006988	0.225771
28847	9.511685	-0.447685	2.206152	0.003443	-0.001482	0.005057	0.225164	0.048890	0.973093	-0.017845	0.998780	-0.046052	-0.974157	-0.006995	0.225762
28848	9.543808	-0.459412	2.200364	0.003686	-0.000213	0.006155	0.225170	0.048896	0.973092	-0.017848	0.998779	-0.046057	-0.974156	-0.006997	0.225767
28849	9.527841	-0.467521	2.230000	0.001802	-0.000468	0.005044	0.225168	0.048890	0.973093	-0.017824	0.998780	-0.046056	-0.974157	-0.006974	0.225765
28850	9.527828	-0.467961	2.229964	0.001802	-0.000468	0.005045	0.225171	0.048885	0.973092	-0.017806	0.998780	-0.046055	-0.974157	-0.006957	0.225767
28851	9.500682	-0.427716	2.205789	0.002045	0.000800	0.006143	0.225187	0.048890	0.973088	-0.017794	0.998780	-0.046063	-0.974153	-0.006942	0.225783
28852	9.532812	-0.439355	2.199982	0.007708	-0.003018	0.003671	0.225166	0.048871	0.973094	-0.017831	0.998781	-0.046035	-0.974157	-0.006986	0.225763
28853	9.549002	-0.458608	2.223788	0.003685	-0.000212	0.006156	0.225168	0.048877	0.973093	-0.017833	0.998780	-0.046041	-0.974157	-0.006987	0.225765
28854	9.527158	-0.415311	2.223063	0.002955	-0.004018	0.002860	0.225137	0.048850	0.973102	-0.017822	0.998782	-0.046015	-0.974164	-0.006983	0.225733
28855	9.522588	-0.473021	2.205840	-0.001321	0.002104	0.010053	0.225162	0.048896	0.973094	-0.017787	0.998780	-0.046071	-0.974159	-0.006935	0.225757
28856	9.511161	-0.424149	2.252693	0.004425	-0.000992	0.003646	0.225160	0.048877	0.973095	-0.017792	0.998781	-0.046050	-0.974159	-0.006944	0.225755
28857	9.538519	-0.466374	2.176056	0.002214	-0.003239	0.005371	0.225135	0.048875	0.973101	-0.017784	0.998781	-0.046051	-0.974165	-0.006938	0.225730
28858	9.538112	-0.439127	2.222860	0.005082	-0.002494	0.005070	0.225119	0.048870	0.973105	-0.017799	0.998781	-0.046042	-0.974169	-0.006955	0.225714
28859	9.516930	-0.450069	2.228728	0.001801	-0.000467	0.005045	0.225127	0.048868	0.973103	-0.017779	0.998781	-0.046044	-0.974167	-0.006936	0.225721
28860	9.532875	-0.442986	2.198978	0.004341	-0.001714	0.007581	0.225117	0.048888	0.973104	-0.017793	0.998780	-0.046061	-0.974169	-0.006945	0.225713
28861	9.532866	-0.443553	2.198904	0.003684	-0.000212	0.006157	0.225121	0.048892	0.973103	-0.017795	0.998780	-0.046065	-0.974168	-0.006946	0.225716
28862	9.516910	-0.451620	2.228500	0.003441	-0.001480	0.005058	0.225114	0.048887	0.973105	-0.017794	0.998780	-0.046060	-0.974170	-0.006946	0.225710
28863	9.511678	-0.454835	2.204719	0.002540	-0.001247	0.002536	0.225107	0.048857	0.973108	-0.017785	0.998782	-0.046032	-0.974172	-0.006944	0.225702
28864	9.538098	-0.441780	2.222392	0.003927	0.001058	0.007256	0.225125	0.048874	0.973103	-0.017793	0.998781	-0.046048	-0.974167	-0.006948	0.225720
28865	9.532825	-0.445239	2.198740	0.005324	-0.001225	0.006170	0.225120	0.048877	0.973104	-0.017811	0.998781	-0.046046	-0.974168	-0.006966	0.225716
28866	9.538078	-0.442833	2.222270	0.002456	-0.001968	0.006471	0.225109	0.048886	0.973106	-0.017803	0.998780	-0.046057	-0.974171	-0.006956	0.225705
28867	9.538088	-0.443240	2.222144	0.004424	-0.000991	0.003647	0.225108	0.048865	0.973108	-0.017792	0.998781	-0.046038	-0.974171	-0.006950	0.225703
28868	9.484803	-0.442808	2.233680	0.002212	-0.003237	0.005373	0.225084	0.048863	0.973113	-0.017779	0.998781	-0.046039	-0.974177	-0.006938	0.225679
28869	9.581159	-0.477230	2.216359	0.003683	-0.000211	0.006158	0.225089	0.048869	0.973112	-0.017772	0.998781	-0.046047	-0.974176	-0.006929	0.225684
28870	9.495092	-0.411385	2.227186	0.003439	-0.001480	0.005059	0.225083	0.048864	0.973114	-0.017770	0.998781	-0.046042	-0.974178	-0.006929	0.225677
28871	9.532884	-0.447868	2.197952	0.003439	-0.001479	0.005060	0.225075	0.048856	0.973116	-0.017772	0.998782	-0.046034	-0.974179	-0.006933	0.225669
28872	9.500765	-0.437005	2.203610	0.003683	-0.000210	0.006158	0.225081	0.048862	0.973114	-0.017776	0.998781	-0.046040	-0.974178	-0.006935	0.225675
28873	9.527196	-0.424222	2.221216	0.001714	-0.001186	0.008982	0.225073	0.048897	0.973114	-0.017768	0.998780	-0.046077	-0.974180	-0.006920	0.225667
28874	9.511639	-0.460163	2.203782	0.003682	-0.000210	0.006159	0.225078	0.048903	0.973113	-0.017772	0.998780	-0.046083	-0.974179	-0.006922	0.225673
28875	9.553608	-0.411949	2.238815	0.003682	-0.000210	0.006159	0.225085	0.048909	0.973111	-0.017773	0.998779	-0.046088	-0.974177	-0.006921	0.225680
28876	9.517275	-0.485795	2.180315	0.006062	-0.002005	0.003661	0.225074	0.048890	0.973114	-0.017794	0.998780	-0.046064	-0.974179	-0.006948	0.225669
28877	9.505352	-0.382427	2.220421	0.003682	-0.000210	0.006159	0.225079	0.048896	0.973113	-0.017789	0.998780	-0.046071	-0.974178	-0.006942	0.225674
28878	9.554226	-0.467473	2.245100	0.001469	-0.002454	0.007885	0.225062	0.048919	0.973116	-0.017775	0.998779	-0.046098	-0.974182	-0.006922	0.225657
28879	9.505950	-0.437668	2.226840	0.002127	0.001525	0.002210	0.225084	0.048885	0.973112	-0.017762	0.998780	-0.046066	-0.974177	-0.006915	0.225678
28880	9.505947	-0.438012	2.226785	0.004093	-0.002980	0.006486	0.225062	0.048894	0.973117	-0.017770	0.998780	-0.046074	-0.974182	-0.006923	0.225657
28881	9.522501	-0.485175	2.203575	0.005564	0.000046	0.007271	0.225072	0.048910	0.973114	-0.017791	0.998779	-0.046085	-0.974180	-0.006940	0.225668
28882	9.543083	-0.420909	2.191011	0.002782	0.000023	0.003636	0.225081	0.048890	0.973113	-0.017780	0.998780	-0.046068	-0.974178	-0.006933	0.225675
28883	9.548899	-0.472582	2.221303	0.002041	0.000805	0.006146	0.225094	0.048895	0.973110	-0.017755	0.998780	-0.046078	-0.974175	-0.006906	0.225687
28884	9.473796	-0.428487	2.232350	0.006715	-0.003506	0.005088	0.225067	0.048890	0.973116	-0.017786	0.998780	-0.046066	-0.974181	-0.006940	0.225662
28885	9.564877	-0.465922	2.191329	0.000813	-0.000951	0.006461	0.225065	0.048899	0.973116	-0.017749	0.998780	-0.046084	-0.974182	-0.006900	0.225658
28886	9.521846	-0.433331	2.196778	0.003924	0.001061	0.007259	0.225082	0.048916	0.973111	-0.017758	0.998779	-0.046099	-0.974178	-0.006904	0.225676
28887	9.537975	-0.452640	2.220734	0.002538	-0.001246	0.002538	0.225077	0.048886	0.973114	-0.017744	0.998781	-0.046071	-0.974179	-0.006897	0.225670
28888	9.548850	-0.474961	2.221004	0.002939	0.000574	0.008671	0.225090	0.048917	0.973109	-0.017746	0.998779	-0.046103	-0.974176	-0.006891	0.225683
28889	9.559145	-0.443205	2.214674	0.003436	-0.001478	0.005062	0.225084	0.048910	0.973111	-0.017730	0.998780	-0.046099	-0.974178	-0.006877	0.225676
28890	9.521782	-0.435162	2.196695	0.004664	0.000279	0.004748	0.225094	0.048902	0.973109	-0.017740	0.998780	-0.046088	-0.974175	-0.006889	0.225687
28891	9.511074	-0.440160	2.249988	0.003435	-0.001478	0.005062	0.225088	0.048897	0.973111	-0.017737	0.998780	-0.046084	-0.974177	-0.006887	0.225681
28892	9.553875	-0.447262	2.190851	0.006303	-0.000735	0.004762	0.225089	0.048889	0.973111	-0.017763	0.998780	-0.046070	-0.974176	-0.006915	0.225683
28893	9.521763	-0.436312	2.196548	0.003679	-0.000208	0.006161	0.225092	0.048898	0.973110	-0.017770	0.998780	-0.046078	-0.974175	-0.006920	0.225686
28894	9.511424	-0.469059	2.202834	0.006302	-0.000735	0.004762	0.225093	0.048890	0.973110	-0.017795	0.998780	-0.046063	-0.974175	-0.006948	0.225688
28895	9.559078	-0.445388	2.214523	0.002127	0.001525	0.002210	0.225115	0.048855	0.973107	-0.017777	0.998782	-0.046031	-0.974170	-0.006937	0.225709
28896	9.505748	-0.444823	2.226286	0.005317	-0.001222	0.006175	0.225111	0.048861	0.973107	-0.017796	0.998781	-0.046033	-0.974171	-0.006955	0.225706
28897	9.527319	-0.462560	2.173202	0.003678	-0.000207	0.006162	0.225114	0.048867	0.973106	-0.017808	0.998781	-0.046037	-0.974170	-0.006965	0.225710
28898	9.526943	-0.435283	2.220158	0.003434	-0.001477	0.005064	0.225108	0.048862	0.973108	-0.017806	0.998781	-0.046032	-0.974171	-0.006965	0.225704
28899	9.511375	-0.470946	2.202645	0.005072	-0.002491	0.005078	0.225094	0.048856	0.973111	-0.017820	0.998781	-0.046023	-0.974174	-0.006981	0.225690
28900	9.521716	-0.438942	2.196228	0.002780	0.000024	0.003637	0.225102	0.048837	0.973111	-0.017809	0.998782	-0.046006	-0.974172	-0.006974	0.225698
28901	9.521876	-0.465783	2.249870	0.003678	-0.000206	0.006162	0.225105	0.048842	0.973110	-0.017806	0.998782	-0.046012	-0.974172	-0.006969	0.225700
28902	9.543062	-0.455797	2.243878	0.000157	0.000553	0.005036	0.225118	0.048837	0.973107	-0.017772	0.998783	-0.046014	-0.974169	-0.006936	0.225712
28903	9.537794	-0.459072	2.220192	0.002536	-0.001245	0.002539	0.225113	0.048808	0.973109	-0.017756	0.998784	-0.045988	-0.974171	-0.006926	0.225706
28904	9.511338	-0.472801	2.202408	0.006954	-0.002235	0.006191	0.225099	0.048814	0.973112	-0.017791	0.998784	-0.045986	-0.974173	-0.006961	0.225694
28905	9.521724	-0.440904	2.195802	0.003842	-0.004247	0.005393	0.225065	0.048813	0.973120	-0.017796	0.998784	-0.045984	-0.974181	-0.006968	0.225660
28906	9.511413	-0.473604	2.201913	0.006300	-0.000734	0.004764	0.225065	0.048805	0.973121	-0.017822	0.998784	-0.045970	-0.974181	-0.006996	0.225661
28907	9.553837	-0.453042	2.189831	0.001795	-0.000461	0.005051	0.225073	0.048799	0.973119	-0.017801	0.998784	-0.045969	-0.974179	-0.006976	0.225668
28908	9.505779	-0.449618	2.225192	0.001795	-0.000461	0.005051	0.225076	0.048794	0.973119	-0.017784	0.998785	-0.045968	-0.974179	-0.006960	0.225670
28909	9.548230	-0.429056	2.213005	0.003188	-0.002746	0.003967	0.225052	0.048777	0.973125	-0.017781	0.998785	-0.045951	-0.974184	-0.006962	0.225646
28910	9.516515	-0.445775	2.171527	0.003432	-0.001476	0.005065	0.225046	0.048771	0.973127	-0.017780	0.998786	-0.045946	-0.974186	-0.006962	0.225640
28911	9.553503	-0.426752	2.236490	0.002126	0.001526	0.002211	0.225067	0.048738	0.973124	-0.017755	0.998787	-0.045916	-0.974182	-0.006943	0.225659
28912	9.532604	-0.465479	2.195503	0.005226	-0.001936	0.010116	0.225055	0.048783	0.973124	-0.017782	0.998785	-0.045957	-0.974184	-0.006962	0.225649
28913	9.510848	-0.422453	2.194850	0.002038	0.000810	0.006149	0.225069	0.048789	0.973120	-0.017767	0.998785	-0.045967	-0.974181	-0.006944	0.225663
28914	9.553781	-0.456189	2.189422	0.003432	-0.001475	0.005066	0.225063	0.048784	0.973122	-0.017766	0.998785	-0.045962	-0.974182	-0.006944	0.225656
28915	9.500494	-0.455559	2.201020	0.006054	-0.002004	0.003667	0.225050	0.048765	0.973126	-0.017781	0.998786	-0.045938	-0.974185	-0.006965	0.225644
28916	9.510841	-0.423726	2.194636	0.002935	0.000580	0.008675	0.225063	0.048796	0.973122	-0.017783	0.998785	-0.045970	-0.974182	-0.006959	0.225657
28917	9.532529	-0.467975	2.195299	0.002779	0.000025	0.003638	0.225071	0.048776	0.973121	-0.017776	0.998786	-0.045951	-0.974180	-0.006956	0.225665
28918	9.548160	-0.433097	2.212520	0.000564	-0.002216	0.005367	0.225057	0.048774	0.973124	-0.017747	0.998786	-0.045956	-0.974184	-0.006927	0.225650
28919	9.526917	-0.443948	2.218553	0.005890	0.002037	0.004436	0.225087	0.048764	0.973118	-0.017775	0.998786	-0.045939	-0.974177	-0.006957	0.225680
28920	9.531978	-0.415060	2.188639	0.002690	-0.000689	0.007578	0.225087	0.048784	0.973117	-0.017772	0.998785	-0.045960	-0.974177	-0.006949	0.225681
28921	9.548572	-0.488708	2.219219	0.001793	-0.000460	0.005052	0.225086	0.048778	0.973117	-0.017760	0.998786	-0.045957	-0.974177	-0.006938	0.225679
28922	9.521282	-0.420564	2.241808	0.005067	-0.002490	0.005081	0.225070	0.048773	0.973121	-0.017774	0.998786	-0.045948	-0.974181	-0.006955	0.225663
28923	9.521628	-0.448805	2.194616	0.002445	-0.001959	0.006480	0.225058	0.048783	0.973123	-0.017762	0.998785	-0.045962	-0.974183	-0.006940	0.225652
28924	9.526877	-0.446325	2.218252	0.003022	0.001296	0.004737	0.225079	0.048775	0.973119	-0.017756	0.998786	-0.045955	-0.974179	-0.006935	0.225672
28925	9.526881	-0.446717	2.218155	0.000318	-0.003485	0.004269	0.225052	0.048761	0.973126	-0.017717	0.998787	-0.045949	-0.974186	-0.006900	0.225643
28926	9.526879	-0.447329	2.218041	0.004815	0.000837	0.009790	0.225067	0.048803	0.973120	-0.017739	0.998785	-0.045987	-0.974182	-0.006912	0.225659
28927	9.494780	-0.436409	2.223753	0.002533	-0.001245	0.002541	0.225065	0.048773	0.973122	-0.017719	0.998786	-0.045961	-0.974183	-0.006898	0.225656
28928	9.553660	-0.462565	2.188613	0.003674	-0.000203	0.006166	0.225070	0.048779	0.973121	-0.017722	0.998786	-0.045967	-0.974181	-0.006900	0.225661
28929	9.531960	-0.419283	2.187913	0.003429	-0.001474	0.005068	0.225059	0.048774	0.973124	-0.017717	0.998786	-0.045963	-0.974184	-0.006896	0.225650
28930	9.532124	-0.446087	2.241448	0.003429	-0.001474	0.005068	0.225052	0.048769	0.973125	-0.017715	0.998786	-0.045958	-0.974186	-0.006896	0.225643
28931	9.505453	-0.433672	2.170137	0.002932	0.000583	0.008678	0.225069	0.048799	0.973120	-0.017719	0.998785	-0.045988	-0.974182	-0.006892	0.225661
28932	9.542466	-0.414979	2.235054	0.005310	-0.001218	0.006181	0.225065	0.048805	0.973121	-0.017738	0.998784	-0.045990	-0.974182	-0.006911	0.225657
28933	9.537644	-0.472652	2.217985	0.000806	-0.000943	0.006467	0.225067	0.048815	0.973120	-0.017714	0.998784	-0.046005	-0.974182	-0.006884	0.225658
28934	9.537187	-0.419040	2.211235	0.007190	-0.000963	0.007294	0.225065	0.048832	0.973119	-0.017755	0.998783	-0.046014	-0.974182	-0.006921	0.225658
28935	9.532337	-0.476686	2.194257	0.000154	0.000558	0.005039	0.225074	0.048828	0.973117	-0.017729	0.998783	-0.046015	-0.974180	-0.006895	0.225666
28936	9.515916	-0.430451	2.217247	0.005309	-0.001218	0.006182	0.225069	0.048834	0.973118	-0.017748	0.998783	-0.046017	-0.974181	-0.006914	0.225662
28937	9.500241	-0.466171	2.199889	0.001791	-0.000458	0.005054	0.225074	0.048829	0.973117	-0.017730	0.998783	-0.046016	-0.974180	-0.006897	0.225666
28938	9.515938	-0.431264	2.216996	0.004819	-0.003760	0.003986	0.225046	0.048813	0.973125	-0.017740	0.998784	-0.045998	-0.974187	-0.006912	0.225638
28939	9.548032	-0.443072	2.211096	0.001791	-0.000457	0.005054	0.225050	0.048809	0.973124	-0.017727	0.998784	-0.045996	-0.974186	-0.006899	0.225642
28940	9.521511	-0.456823	2.193471	0.002776	0.000027	0.003640	0.225058	0.048790	0.973123	-0.017716	0.998785	-0.045979	-0.974184	-0.006892	0.225649
28941	9.542755	-0.446807	2.187307	0.004077	-0.002973	0.006498	0.225040	0.048798	0.973127	-0.017725	0.998785	-0.045986	-0.974188	-0.006900	0.225631
28942	9.553299	-0.441497	2.234498	0.001049	0.000330	0.007566	0.225050	0.048818	0.973123	-0.017706	0.998784	-0.046011	-0.974186	-0.006876	0.225641
28943	9.515971	-0.433409	2.216434	0.005804	-0.003276	0.002573	0.225024	0.048787	0.973131	-0.017710	0.998785	-0.045978	-0.974192	-0.006888	0.225614
28944	9.521538	-0.458595	2.192980	0.005552	0.000054	0.007281	0.225031	0.048805	0.973128	-0.017734	0.998784	-0.045990	-0.974190	-0.006908	0.225623
28945	9.542752	-0.448685	2.186936	0.001790	-0.000457	0.005055	0.225036	0.048799	0.973128	-0.017715	0.998785	-0.045989	-0.974189	-0.006890	0.225627
28946	9.473473	-0.455641	2.228342	0.002685	-0.000685	0.007582	0.225036	0.048819	0.973127	-0.017712	0.998784	-0.046010	-0.974189	-0.006882	0.225627
28947	9.510667	-0.438231	2.192541	0.004412	-0.000989	0.003656	0.225033	0.048799	0.973128	-0.017722	0.998785	-0.045987	-0.974190	-0.006898	0.225624
28948	9.542834	-0.476333	2.240579	0.005887	0.002037	0.004438	0.225061	0.048787	0.973123	-0.017743	0.998785	-0.045970	-0.974183	-0.006920	0.225653
28949	9.531878	-0.428593	2.186465	-0.001659	-0.004449	0.007101	0.225024	0.048802	0.973130	-0.017687	0.998785	-0.045999	-0.974193	-0.006861	0.225614
28950	9.521518	-0.461146	2.192532	0.007774	-0.002309	-0.000255	0.225010	0.048744	0.973136	-0.017716	0.998787	-0.045933	-0.974195	-0.006905	0.225601
28951	9.537195	-0.426282	2.209813	-0.001329	0.002136	0.010064	0.225037	0.048788	0.973128	-0.017682	0.998786	-0.045986	-0.974190	-0.006859	0.225626
28952	9.526749	-0.459223	2.216165	0.003180	-0.002743	0.003973	0.225018	0.048772	0.973133	-0.017676	0.998786	-0.045971	-0.974194	-0.006857	0.225607
28953	9.515958	-0.437696	2.215647	0.003425	-0.001472	0.005071	0.225010	0.048767	0.973135	-0.017675	0.998787	-0.045965	-0.974196	-0.006858	0.225599
28954	9.532048	-0.457147	2.239542	0.002683	-0.000684	0.007583	0.225010	0.048787	0.973134	-0.017672	0.998786	-0.045987	-0.974196	-0.006850	0.225599
28955	9.542712	-0.453265	2.186165	0.003669	-0.000200	0.006169	0.225014	0.048794	0.973133	-0.017669	0.998785	-0.045994	-0.974195	-0.006845	0.225603
28956	9.526750	-0.461282	2.215733	-0.000429	-0.002693	0.006786	0.224996	0.048806	0.973137	-0.017634	0.998785	-0.046015	-0.974200	-0.006807	0.225583
28957	9.515962	-0.439674	2.215238	0.008018	-0.001039	0.000844	0.224994	0.048757	0.973139	-0.017662	0.998787	-0.045959	-0.974200	-0.006847	0.225583
28958	9.548010	-0.451618	2.209460	-0.000925	-0.000632	0.010397	0.224995	0.048806	0.973137	-0.017630	0.998785	-0.046016	-0.974200	-0.006803	0.225582
28959	9.542743	-0.455154	2.185635	0.005800	-0.003276	0.002575	0.224972	0.048777	0.973144	-0.017654	0.998786	-0.045981	-0.974205	-0.006835	0.225560
28960	9.494485	-0.423698	2.267904	0.002928	0.000589	0.008682	0.224984	0.048808	0.973139	-0.017655	0.998785	-0.046012	-0.974202	-0.006829	0.225573
28961	9.542714	-0.456199	2.185543	0.001788	-0.000455	0.005056	0.224984	0.048804	0.973139	-0.017636	0.998785	-0.046013	-0.974203	-0.006810	0.225572
28962	9.505121	-0.420317	2.214550	0.003668	-0.000200	0.006170	0.224990	0.048810	0.973138	-0.017639	0.998785	-0.046019	-0.974201	-0.006811	0.225578
28963	9.542691	-0.457213	2.185436	0.002436	-0.001954	0.006487	0.224981	0.048819	0.973139	-0.017628	0.998785	-0.046030	-0.974204	-0.006798	0.225568
28964	9.494694	-0.453445	2.220707	0.007031	-0.001522	0.002259	0.224975	0.048786	0.973143	-0.017655	0.998786	-0.045990	-0.974205	-0.006834	0.225563
28965	9.542483	-0.429908	2.232160	-0.000093	-0.000710	0.003943	0.225098	0.048884	0.973109	-0.017638	0.998781	-0.046093	-0.974176	-0.006788	0.225686
28966	9.553545	-0.479998	2.185355	0.006692	-0.003504	0.005104	0.225072	0.048879	0.973115	-0.017669	0.998781	-0.046082	-0.974182	-0.006822	0.225661
28967	9.505186	-0.422254	2.213904	0.001046	0.000335	0.007569	0.225082	0.048898	0.973112	-0.017651	0.998781	-0.046105	-0.974180	-0.006799	0.225671
28968	9.542720	-0.459119	2.184908	0.002774	0.000028	0.003642	0.225090	0.048879	0.973111	-0.017640	0.998782	-0.046088	-0.974178	-0.006792	0.225678
28969	9.521123	-0.415758	2.184145	0.002435	-0.001953	0.006487	0.225080	0.048888	0.973113	-0.017633	0.998781	-0.046099	-0.974181	-0.006783	0.225668
28970	9.521455	-0.470421	2.190837	0.006534	0.000538	0.005870	0.225093	0.048891	0.973110	-0.017664	0.998781	-0.046095	-0.974177	-0.006813	0.225683
28971	9.499838	-0.427060	2.190173	0.001787	-0.000454	0.005057	0.225097	0.048885	0.973109	-0.017646	0.998781	-0.046093	-0.974177	-0.006796	0.225685
28972	9.526741	-0.468310	2.214298	0.003824	-0.004241	0.005406	0.225063	0.048884	0.973117	-0.017650	0.998781	-0.046091	-0.974184	-0.006802	0.225652
28973	9.526762	-0.468511	2.214164	0.004747	0.000992	0.000813	0.225082	0.048836	0.973115	-0.017649	0.998784	-0.046042	-0.974180	-0.006811	0.225670
28974	9.531948	-0.439370	2.184019	0.006690	-0.003503	0.005106	0.225056	0.048831	0.973121	-0.017679	0.998784	-0.046030	-0.974185	-0.006845	0.225645
28975	9.532096	-0.466327	2.237446	0.002341	-0.002660	0.010432	0.225036	0.048879	0.973124	-0.017677	0.998781	-0.046079	-0.974190	-0.006833	0.225626
28976	9.526476	-0.415671	2.206957	0.003760	0.000510	0.002228	0.225049	0.048845	0.973122	-0.017673	0.998783	-0.046046	-0.974187	-0.006835	0.225639
28977	9.531960	-0.440835	2.183671	0.001786	-0.000453	0.005058	0.225052	0.048840	0.973122	-0.017647	0.998783	-0.046047	-0.974187	-0.006810	0.225640
28978	9.537359	-0.464591	2.260941	0.003421	-0.001470	0.005074	0.225046	0.048835	0.973124	-0.017645	0.998784	-0.046042	-0.974188	-0.006810	0.225634
28979	9.526471	-0.416790	2.206764	0.003420	-0.001469	0.005074	0.225032	0.048829	0.973127	-0.017638	0.998784	-0.046038	-0.974192	-0.006804	0.225619
28980	9.542751	-0.463918	2.183760	0.002773	0.000029	0.003643	0.225040	0.048810	0.973126	-0.017627	0.998785	-0.046021	-0.974190	-0.006797	0.225627
28981	9.532054	-0.468721	2.237123	0.003666	-0.000197	0.006172	0.225041	0.048816	0.973126	-0.017634	0.998785	-0.046025	-0.974190	-0.006803	0.225628
28982	9.505169	-0.428660	2.212743	-0.000929	-0.000625	0.010401	0.225042	0.048864	0.973123	-0.017602	0.998783	-0.046082	-0.974190	-0.006759	0.225628
28983	9.521216	-0.448195	2.236729	0.009153	0.000004	0.004473	0.225049	0.048853	0.973122	-0.017656	0.998783	-0.046058	-0.974187	-0.006816	0.225638
28984	9.542666	-0.466015	2.183683	0.003419	-0.001469	0.005075	0.225043	0.048848	0.973124	-0.017654	0.998783	-0.046053	-0.974189	-0.006816	0.225631
28985	9.531896	-0.444522	2.183206	0.003419	-0.001469	0.005075	0.225033	0.048842	0.973126	-0.017658	0.998783	-0.046047	-0.974191	-0.006821	0.225622
28986	9.547928	-0.463887	2.207273	0.003263	0.002573	0.005839	0.225066	0.048845	0.973118	-0.017656	0.998783	-0.046050	-0.974184	-0.006818	0.225654
28987	9.531629	-0.417541	2.230279	0.003419	-0.001469	0.005075	0.225059	0.048840	0.973120	-0.017660	0.998783	-0.046044	-0.974185	-0.006823	0.225648
28988	9.574472	-0.451363	2.224707	0.006686	-0.003503	0.005108	0.225033	0.048835	0.973127	-0.017691	0.998783	-0.046032	-0.974191	-0.006856	0.225623
28989	9.515911	-0.453632	2.212644	0.000798	-0.000932	0.006474	0.225030	0.048844	0.973127	-0.017664	0.998783	-0.046047	-0.974192	-0.006827	0.225618
28990	9.515914	-0.454025	2.212548	0.002526	-0.001243	0.002546	0.225026	0.048814	0.973129	-0.017648	0.998785	-0.046020	-0.974193	-0.006818	0.225614
28991	9.542447	-0.441077	2.230133	0.003910	0.001076	0.007271	0.225043	0.048831	0.973124	-0.017667	0.998784	-0.046033	-0.974189	-0.006833	0.225632
28992	9.521023	-0.425771	2.182649	0.002276	0.002093	0.007255	0.225071	0.048848	0.973117	-0.017659	0.998783	-0.046052	-0.974182	-0.006819	0.225660
28993	9.521093	-0.452482	2.236388	0.006038	-0.002005	0.003678	0.225060	0.048828	0.973121	-0.017680	0.998784	-0.046027	-0.974185	-0.006846	0.225649
28994	9.526277	-0.423545	2.206318	0.004896	0.001557	0.005857	0.225083	0.048831	0.973115	-0.017695	0.998783	-0.046027	-0.974179	-0.006859	0.225673
28995	9.553097	-0.464751	2.230645	0.003172	-0.002740	0.003979	0.225062	0.048816	0.973121	-0.017687	0.998784	-0.046012	-0.974184	-0.006856	0.225652
28996	9.510302	-0.431786	2.235888	0.001042	0.000341	0.007573	0.225073	0.048836	0.973117	-0.017668	0.998783	-0.046037	-0.974182	-0.006832	0.225662
28997	9.531743	-0.449833	2.182785	0.003171	-0.002740	0.003979	0.225053	0.048819	0.973123	-0.017658	0.998784	-0.046023	-0.974186	-0.006826	0.225642
28998	9.537052	-0.446998	2.206335	0.008258	0.000229	0.001945	0.225064	0.048783	0.973122	-0.017697	0.998786	-0.045977	-0.974183	-0.006873	0.225654
28999	9.552843	-0.412066	2.223502	0.004309	-0.001692	0.007607	0.225055	0.048804	0.973123	-0.017716	0.998785	-0.045994	-0.974185	-0.006889	0.225646
29000	9.510482	-0.461189	2.188633	0.001783	-0.000450	0.005060	0.225059	0.048799	0.973122	-0.017699	0.998785	-0.045993	-0.974184	-0.006872	0.225649
29001	9.542325	-0.445301	2.229814	0.001783	-0.000450	0.005060	0.225061	0.048793	0.973122	-0.017670	0.998785	-0.045993	-0.974185	-0.006843	0.225649
29002	9.521047	-0.456085	2.235852	0.001783	-0.000450	0.005060	0.225064	0.048788	0.973122	-0.017652	0.998786	-0.045992	-0.974184	-0.006826	0.225652
29003	9.499685	-0.440681	2.188140	0.000796	-0.000930	0.006476	0.225063	0.048798	0.973121	-0.017627	0.998786	-0.046008	-0.974185	-0.006799	0.225650
29004	9.515747	-0.459929	2.212050	0.007024	-0.001525	0.002263	0.225057	0.048765	0.973125	-0.017655	0.998787	-0.045968	-0.974186	-0.006835	0.225645
29005	9.537014	-0.450143	2.205859	0.002578	-0.001379	0.011537	0.225051	0.048824	0.973123	-0.017659	0.998784	-0.046028	-0.974187	-0.006826	0.225639
29006	9.515718	-0.461238	2.211901	0.000150	0.000568	0.005044	0.225064	0.048819	0.973120	-0.017626	0.998785	-0.046030	-0.974184	-0.006792	0.225651
29007	9.558111	-0.412960	2.246554	0.005790	-0.003277	0.002582	0.225040	0.048789	0.973127	-0.017643	0.998786	-0.045996	-0.974190	-0.006818	0.225627
29008	9.537036	-0.451544	2.205480	0.002428	-0.001946	0.006494	0.225029	0.048799	0.973129	-0.017635	0.998785	-0.046007	-0.974193	-0.006809	0.225616
29009	9.510478	-0.465359	2.187765	0.003415	-0.001467	0.005078	0.225024	0.048793	0.973131	-0.017634	0.998786	-0.046002	-0.974194	-0.006809	0.225611
29010	9.526291	-0.430572	2.204898	0.003661	-0.000194	0.006176	0.225029	0.048800	0.973129	-0.017638	0.998785	-0.046008	-0.974192	-0.006811	0.225617
29011	9.515753	-0.463152	2.211349	0.007269	-0.000252	0.003362	0.225032	0.048776	0.973130	-0.017664	0.998786	-0.045978	-0.974191	-0.006843	0.225620
29012	9.526253	-0.431225	2.204931	0.000150	0.000569	0.005044	0.225045	0.048771	0.973127	-0.017630	0.998787	-0.045980	-0.974189	-0.006809	0.225632
29013	9.558272	-0.443322	2.199119	0.004059	-0.002963	0.006512	0.225023	0.048781	0.973132	-0.017625	0.998786	-0.045992	-0.974194	-0.006803	0.225610
29014	9.504977	-0.442511	2.210842	0.003016	0.001304	0.004743	0.225044	0.048773	0.973127	-0.017619	0.998787	-0.045985	-0.974189	-0.006797	0.225630
29015	9.521136	-0.489701	2.187995	0.006280	-0.000732	0.004778	0.225046	0.048765	0.973127	-0.017648	0.998787	-0.045970	-0.974188	-0.006829	0.225633
29016	9.510256	-0.440299	2.234424	0.002426	-0.001945	0.006495	0.225034	0.048774	0.973129	-0.017640	0.998787	-0.045981	-0.974191	-0.006819	0.225622
29017	9.536975	-0.455372	2.204954	-0.000097	-0.000703	0.003947	0.225040	0.048758	0.973129	-0.017601	0.998788	-0.045974	-0.974191	-0.006783	0.225625
29018	9.526214	-0.433848	2.204586	0.006526	0.000541	0.005876	0.225053	0.048762	0.973126	-0.017632	0.998787	-0.045970	-0.974187	-0.006813	0.225640
29019	9.531503	-0.431257	2.228205	0.003413	-0.001466	0.005080	0.225046	0.048756	0.973127	-0.017631	0.998787	-0.045965	-0.974189	-0.006813	0.225633
29020	9.547797	-0.506526	2.158365	0.005538	0.000063	0.007293	0.225054	0.048774	0.973125	-0.017655	0.998786	-0.045977	-0.974186	-0.006833	0.225642
29021	9.494152	-0.423572	2.210245	0.002769	0.000031	0.003646	0.225058	0.048755	0.973125	-0.017639	0.998787	-0.045961	-0.974186	-0.006821	0.225646
29022	9.536897	-0.457451	2.204863	0.003413	-0.001465	0.005080	0.225052	0.048750	0.973126	-0.017638	0.998788	-0.045957	-0.974187	-0.006821	0.225639
29023	9.526138	-0.436035	2.204482	0.003905	0.001081	0.007275	0.225068	0.048767	0.973122	-0.017644	0.998787	-0.045973	-0.974183	-0.006822	0.225656
29024	9.536863	-0.458340	2.204823	0.004154	-0.002260	0.002567	0.225055	0.048737	0.973126	-0.017644	0.998788	-0.045942	-0.974186	-0.006830	0.225642
29025	9.536949	-0.484764	2.258435	0.004400	-0.000986	0.003664	0.225051	0.048718	0.973128	-0.017647	0.998789	-0.045922	-0.974187	-0.006838	0.225638
29026	9.504879	-0.447367	2.210285	0.004302	-0.001688	0.007612	0.225042	0.048739	0.973129	-0.017660	0.998788	-0.045940	-0.974189	-0.006847	0.225630
29027	9.536877	-0.459555	2.204509	0.003658	-0.000192	0.006178	0.225047	0.048744	0.973128	-0.017663	0.998788	-0.045945	-0.974188	-0.006849	0.225636
29028	9.542159	-0.457054	2.228148	0.003658	-0.000191	0.006179	0.225053	0.048751	0.973126	-0.017667	0.998787	-0.045950	-0.974186	-0.006851	0.225642
29029	9.531441	-0.435536	2.227640	0.003165	-0.002738	0.003983	0.225033	0.048735	0.973132	-0.017652	0.998788	-0.045938	-0.974191	-0.006841	0.225620
29030	9.526161	-0.438904	2.203814	0.003411	-0.001464	0.005081	0.225026	0.048730	0.973133	-0.017651	0.998789	-0.045933	-0.974193	-0.006840	0.225614
29031	9.510168	-0.446592	2.233549	0.003014	0.001305	0.004745	0.225045	0.048722	0.973130	-0.017643	0.998789	-0.045927	-0.974189	-0.006834	0.225632
29032	9.574177	-0.470275	2.222062	0.002177	-0.003216	0.005400	0.225021	0.048720	0.973135	-0.017630	0.998789	-0.045928	-0.974194	-0.006822	0.225608
29033	9.504869	-0.450435	2.209707	0.004645	0.000287	0.004763	0.225028	0.048712	0.973134	-0.017648	0.998789	-0.045916	-0.974193	-0.006842	0.225615
29034	9.515433	-0.418647	2.203122	0.004054	-0.002960	0.006516	0.225006	0.048722	0.973138	-0.017656	0.998789	-0.045924	-0.974197	-0.006849	0.225594
29035	9.563495	-0.449638	2.221232	0.001533	-0.001719	0.003966	0.224999	0.048706	0.973141	-0.017636	0.998790	-0.045912	-0.974199	-0.006832	0.225586
29036	9.531510	-0.438458	2.226771	0.002422	-0.001942	0.006498	0.224988	0.048715	0.973143	-0.017628	0.998789	-0.045924	-0.974202	-0.006822	0.225574
29037	9.542247	-0.460892	2.226981	0.006919	-0.002227	0.006216	0.224974	0.048721	0.973146	-0.017668	0.998789	-0.045920	-0.974205	-0.006862	0.225563
29038	9.510205	-0.449808	2.232746	0.000641	0.003120	0.007241	0.225012	0.048738	0.973136	-0.017644	0.998788	-0.045943	-0.974196	-0.006832	0.225599
29039	9.531469	-0.439914	2.226659	0.005783	-0.003278	0.002586	0.224989	0.048708	0.973143	-0.017658	0.998790	-0.045909	-0.974201	-0.006855	0.225577
29040	9.542230	-0.462283	2.226765	0.004942	-0.003182	0.009049	0.224965	0.048742	0.973147	-0.017680	0.998788	-0.045939	-0.974206	-0.006871	0.225554
29041	9.520812	-0.419012	2.225825	0.001779	-0.000445	0.005064	0.224967	0.048739	0.973147	-0.017656	0.998788	-0.045942	-0.974206	-0.006846	0.225555
29042	9.536923	-0.466324	2.202891	0.003409	-0.001463	0.005083	0.224960	0.048734	0.973148	-0.017654	0.998788	-0.045937	-0.974208	-0.006846	0.225548
29043	9.515510	-0.422862	2.201983	0.003409	-0.001463	0.005083	0.224952	0.048731	0.973151	-0.017652	0.998788	-0.045934	-0.974210	-0.006846	0.225540
29044	9.584845	-0.443588	2.213999	0.002174	-0.003214	0.005402	0.224928	0.048729	0.973156	-0.017640	0.998789	-0.045935	-0.974216	-0.006834	0.225516
29045	9.494235	-0.434056	2.207852	0.003260	0.002580	0.005843	0.224957	0.048732	0.973149	-0.017626	0.998789	-0.045941	-0.974209	-0.006818	0.225543
29046	9.531564	-0.443007	2.225639	0.006177	-0.006047	0.002925	0.224906	0.048705	0.973162	-0.017646	0.998790	-0.045910	-0.974221	-0.006847	0.225493
29047	9.499675	-0.459809	2.184244	0.004791	0.000863	0.009811	0.224923	0.048747	0.973156	-0.017675	0.998788	-0.045946	-0.974216	-0.006867	0.225511
29048	9.547481	-0.408746	2.242510	0.004150	-0.002259	0.002569	0.224909	0.048717	0.973161	-0.017675	0.998789	-0.045915	-0.974219	-0.006874	0.225498
29049	9.515695	-0.479594	2.208090	0.000789	-0.000921	0.006482	0.224907	0.048726	0.973161	-0.017649	0.998789	-0.045931	-0.974220	-0.006846	0.225494
29050	9.526262	-0.447855	2.201575	0.004643	0.000288	0.004764	0.224917	0.048719	0.973159	-0.017659	0.998789	-0.045920	-0.974218	-0.006857	0.225505
29051	9.547658	-0.492194	2.202307	0.002419	-0.001939	0.006501	0.224905	0.048728	0.973161	-0.017655	0.998789	-0.045931	-0.974221	-0.006851	0.225493
29052	9.504854	-0.404906	2.200624	0.008151	-0.000475	0.005899	0.224909	0.048731	0.973161	-0.017701	0.998788	-0.045923	-0.974219	-0.006897	0.225499
29053	9.574255	-0.479915	2.219663	-0.002077	-0.001652	0.006784	0.224900	0.048742	0.973162	-0.017648	0.998788	-0.045947	-0.974222	-0.006841	0.225488
29054	9.504855	-0.405946	2.200431	0.006273	-0.000730	0.004783	0.224901	0.048734	0.973162	-0.017674	0.998788	-0.045933	-0.974221	-0.006869	0.225490
29055	9.547611	-0.466212	2.248677	0.004690	-0.004453	0.007956	0.224862	0.048757	0.973170	-0.017697	0.998787	-0.045952	-0.974230	-0.006889	0.225452
29056	9.520959	-0.453893	2.177256	0.004890	0.001563	0.005862	0.224885	0.048760	0.973165	-0.017712	0.998787	-0.045951	-0.974224	-0.006902	0.225476
29057	9.531546	-0.448419	2.224630	0.001035	0.000355	0.007581	0.224893	0.048781	0.973162	-0.017687	0.998786	-0.045978	-0.974223	-0.006872	0.225482
29058	9.510288	-0.487231	2.183827	0.003407	-0.001462	0.005085	0.224886	0.048776	0.973163	-0.017685	0.998786	-0.045973	-0.974225	-0.006872	0.225476
29059	9.515438	-0.376343	2.193529	0.005283	-0.001206	0.006201	0.224878	0.048782	0.973165	-0.017709	0.998786	-0.045974	-0.974226	-0.006895	0.225469
29060	9.568874	-0.486565	2.195500	0.003653	-0.000187	0.006183	0.224884	0.048788	0.973163	-0.017712	0.998785	-0.045980	-0.974225	-0.006897	0.225475
29061	9.520844	-0.428368	2.223905	0.003159	-0.002735	0.003988	0.224871	0.048771	0.973167	-0.017710	0.998786	-0.045963	-0.974228	-0.006899	0.225462
29062	9.552905	-0.468464	2.171111	0.000540	-0.002193	0.005387	0.224858	0.048769	0.973170	-0.017681	0.998786	-0.045968	-0.974231	-0.006871	0.225447
29063	9.510209	-0.407390	2.223099	0.004294	-0.001682	0.007619	0.224845	0.048790	0.973172	-0.017700	0.998785	-0.045985	-0.974234	-0.006886	0.225436
29064	9.526240	-0.454868	2.200233	0.000146	0.000577	0.005048	0.224859	0.048785	0.973169	-0.017667	0.998786	-0.045987	-0.974231	-0.006852	0.225448
29065	9.531542	-0.452238	2.223874	0.006271	-0.000730	0.004785	0.224858	0.048778	0.973170	-0.017686	0.998786	-0.045975	-0.974231	-0.006873	0.225447
29066	9.547521	-0.445457	2.194022	0.002416	-0.001937	0.006503	0.224846	0.048787	0.973172	-0.017677	0.998786	-0.045987	-0.974234	-0.006863	0.225436
29067	9.515614	-0.488317	2.206529	0.004394	-0.000985	0.003669	0.224848	0.048769	0.973173	-0.017678	0.998786	-0.045968	-0.974234	-0.006868	0.225437
29068	9.504839	-0.412741	2.199237	0.001281	0.001631	0.008679	0.224871	0.048800	0.973166	-0.017664	0.998785	-0.046003	-0.974228	-0.006845	0.225460
29069	9.579473	-0.484859	2.242015	0.006911	-0.002225	0.006222	0.224855	0.048807	0.973169	-0.017698	0.998785	-0.046002	-0.974232	-0.006879	0.225445
29070	9.494152	-0.446114	2.205807	0.000640	0.003127	0.007243	0.224893	0.048824	0.973160	-0.017674	0.998784	-0.046025	-0.974223	-0.006849	0.225482
29071	9.520765	-0.461440	2.176518	0.000539	-0.002191	0.005388	0.224877	0.048821	0.973163	-0.017647	0.998784	-0.046028	-0.974227	-0.006823	0.225465
29072	9.552759	-0.445715	2.217366	0.004684	-0.004451	0.007960	0.224841	0.048845	0.973170	-0.017664	0.998783	-0.046049	-0.974235	-0.006837	0.225430
29073	9.515484	-0.437583	2.199218	0.001775	-0.000441	0.005068	0.224843	0.048840	0.973170	-0.017641	0.998783	-0.046050	-0.974235	-0.006813	0.225431
29074	9.526153	-0.459964	2.199550	0.003404	-0.001460	0.005087	0.224837	0.048836	0.973172	-0.017639	0.998784	-0.046046	-0.974237	-0.006813	0.225424
29075	9.520805	-0.435514	2.222683	0.002662	-0.000661	0.007602	0.224839	0.048856	0.973170	-0.017633	0.998783	-0.046068	-0.974236	-0.006803	0.225427
29076	9.552749	-0.447775	2.216994	0.006516	0.000544	0.005884	0.224852	0.048859	0.973167	-0.017664	0.998782	-0.046064	-0.974233	-0.006832	0.225442
29077	9.499453	-0.446686	2.228821	-0.000102	-0.000696	0.003952	0.224852	0.048843	0.973168	-0.017628	0.998783	-0.046056	-0.974233	-0.006799	0.225440
29078	9.526100	-0.462103	2.199333	0.002311	-0.002631	0.010457	0.224834	0.048892	0.973170	-0.017628	0.998781	-0.046106	-0.974238	-0.006789	0.225421
29079	9.515408	-0.440765	2.198909	0.005876	0.002039	0.004447	0.224859	0.048881	0.973164	-0.017658	0.998781	-0.046087	-0.974231	-0.006821	0.225448
29080	9.520737	-0.438015	2.222482	0.004784	-0.003754	0.004010	0.224831	0.048865	0.973172	-0.017667	0.998782	-0.046069	-0.974238	-0.006835	0.225420
29081	9.520756	-0.438518	2.222305	0.004537	-0.000405	0.008720	0.224831	0.048898	0.973170	-0.017683	0.998780	-0.046099	-0.974237	-0.006844	0.225421
29082	9.552711	-0.450742	2.216556	0.004391	-0.000985	0.003671	0.224829	0.048879	0.973171	-0.017688	0.998781	-0.046079	-0.974238	-0.006854	0.225420
29083	9.520769	-0.467402	2.175229	0.002165	-0.003209	0.005409	0.224807	0.048876	0.973177	-0.017683	0.998781	-0.046077	-0.974243	-0.006850	0.225398
29084	9.483488	-0.431233	2.203972	0.002660	-0.000660	0.007604	0.224808	0.048896	0.973175	-0.017680	0.998780	-0.046099	-0.974243	-0.006842	0.225399
29085	9.547398	-0.455297	2.192540	0.003649	-0.000185	0.006186	0.224815	0.048903	0.973174	-0.017673	0.998780	-0.046107	-0.974241	-0.006833	0.225405
29086	9.547357	-0.455857	2.192600	0.003896	0.001090	0.007284	0.224833	0.048920	0.973168	-0.017681	0.998779	-0.046123	-0.974237	-0.006837	0.225424
29087	9.515365	-0.444467	2.198351	0.005380	-0.000510	0.002253	0.224840	0.048886	0.973169	-0.017691	0.998781	-0.046086	-0.974235	-0.006854	0.225431
29088	9.520724	-0.441599	2.221829	0.001278	-0.002989	0.002875	0.224819	0.048860	0.973175	-0.017664	0.998782	-0.046065	-0.974240	-0.006834	0.225409
29089	9.515420	-0.416972	2.244897	0.003649	-0.000184	0.006187	0.224823	0.048865	0.973174	-0.017674	0.998782	-0.046068	-0.974239	-0.006843	0.225413
29090	9.536712	-0.489386	2.198796	0.005029	-0.002479	0.005109	0.224807	0.048861	0.973178	-0.017688	0.998782	-0.046060	-0.974243	-0.006859	0.225397
29091	9.531428	-0.410629	2.214864	0.003401	-0.001459	0.005090	0.224799	0.048856	0.973180	-0.017683	0.998782	-0.046057	-0.974245	-0.006855	0.225389
29092	9.515445	-0.446416	2.197610	0.001421	-0.002407	0.007926	0.224783	0.048880	0.973182	-0.017669	0.998781	-0.046085	-0.974249	-0.006836	0.225373
29093	9.515442	-0.447031	2.197498	0.003648	-0.000184	0.006187	0.224790	0.048885	0.973180	-0.017666	0.998781	-0.046090	-0.974247	-0.006832	0.225380
29094	9.510121	-0.450232	2.173775	0.007749	-0.002331	-0.000242	0.224776	0.048827	0.973186	-0.017695	0.998784	-0.046024	-0.974250	-0.006875	0.225367
29095	9.552752	-0.456267	2.215248	0.001916	0.000144	0.010121	0.224784	0.048873	0.973182	-0.017692	0.998781	-0.046072	-0.974248	-0.006861	0.225375
29096	9.526121	-0.416026	2.190671	0.005028	-0.002478	0.005110	0.224768	0.048868	0.973186	-0.017706	0.998782	-0.046064	-0.974251	-0.006878	0.225359
29097	9.526084	-0.470629	2.197591	0.002020	0.000837	0.006168	0.224781	0.048874	0.973183	-0.017693	0.998781	-0.046073	-0.974249	-0.006862	0.225372
29098	9.520761	-0.446092	2.220774	0.003399	-0.001458	0.005091	0.224775	0.048870	0.973184	-0.017692	0.998782	-0.046069	-0.974250	-0.006862	0.225366
29099	9.542086	-0.436297	2.214521	0.003399	-0.001458	0.005091	0.224770	0.048866	0.973186	-0.017684	0.998782	-0.046067	-0.974251	-0.006855	0.225361
29100	9.536726	-0.439853	2.190891	0.003895	0.001092	0.007285	0.224789	0.048883	0.973181	-0.017692	0.998781	-0.046082	-0.974247	-0.006859	0.225379
29101	9.510060	-0.479906	2.227090	0.002057	-0.003899	0.009366	0.224757	0.048921	0.973186	-0.017687	0.998779	-0.046123	-0.974254	-0.006846	0.225348
29102	9.536725	-0.441245	2.190617	0.000144	0.000583	0.005051	0.224770	0.048916	0.973183	-0.017653	0.998780	-0.046126	-0.974252	-0.006812	0.225360
29103	9.526053	-0.473715	2.197064	0.005768	-0.003280	0.002596	0.224748	0.048885	0.973190	-0.017671	0.998781	-0.046090	-0.974257	-0.006839	0.225338
29104	9.568742	-0.425587	2.231524	0.002019	0.000838	0.006168	0.224764	0.048892	0.973186	-0.017659	0.998781	-0.046099	-0.974253	-0.006824	0.225353
29105	9.520723	-0.449506	2.220248	0.006511	0.000546	0.005887	0.224778	0.048896	0.973183	-0.017684	0.998780	-0.046098	-0.974250	-0.006848	0.225368
29106	9.552709	-0.407654	2.207547	0.000781	-0.000910	0.006490	0.224776	0.048905	0.973182	-0.017660	0.998780	-0.046113	-0.974250	-0.006821	0.225366
29107	9.515290	-0.481611	2.149782	0.004636	0.000291	0.004770	0.224788	0.048897	0.973180	-0.017673	0.998780	-0.046101	-0.974247	-0.006836	0.225378
