// General information: 
//  MT Manager version: 2019.2.0 
//  XDA version: 2019.2.0 build 3853 rev 94535 built on 2019-09-09
// Device information: 
//  DeviceId: 00B44058
//  ProductCode: MTW2-3A7G6
//  Firmware Version: 4.3.5
//  Hardware Version: 1.1.0
// Device settings: 
//  Filter Profile: human(46.1)
//  Option Flags: Orientation Smoother Disabled, AHS Disabled, ICC Disabled
// Coordinate system: ENU
PacketCounter	Acc_X	Acc_Y	Acc_Z	Gyr_X	Gyr_Y	Gyr_Z	Mat[1][1]	Mat[2][1]	Mat[3][1]	Mat[1][2]	Mat[2][2]	Mat[3][2]	Mat[1][3]	Mat[2][3]	Mat[3][3]
02267	9.390173	-0.011880	2.637969	-0.001289	0.002608	0.004960	-0.236734	-0.127657	0.963151	0.467167	-0.884166	-0.002362	0.851887	0.449393	0.268949
02268	9.393702	-0.021019	2.615653	-0.003603	0.003312	0.006826	-0.236735	-0.127665	0.963150	0.467155	-0.884172	-0.002373	0.851894	0.449378	0.268954
02269	9.393618	-0.021696	2.615947	-0.002446	0.002959	0.005893	-0.236740	-0.127664	0.963149	0.467150	-0.884175	-0.002371	0.851895	0.449374	0.268958
02270	9.410713	-0.049411	2.629058	-0.001738	0.000834	0.007436	-0.236724	-0.127668	0.963153	0.467156	-0.884172	-0.002381	0.851896	0.449379	0.268945
02271	9.393541	-0.023075	2.616212	-0.002702	0.001025	0.006202	-0.236711	-0.127661	0.963157	0.467150	-0.884175	-0.002383	0.851903	0.449374	0.268930
02272	9.397071	-0.032258	2.593887	-0.001226	0.004701	0.006820	-0.236726	-0.127677	0.963151	0.467158	-0.884171	-0.002388	0.851894	0.449378	0.268952
02273	9.416698	-0.028971	2.622321	-0.003410	0.003150	0.004659	-0.236739	-0.127666	0.963149	0.467142	-0.884179	-0.002376	0.851900	0.449365	0.268958
02274	9.389654	-0.016509	2.639792	0.000702	0.004318	0.009289	-0.236739	-0.127699	0.963145	0.467172	-0.884163	-0.002397	0.851883	0.449387	0.268974
02275	9.393219	-0.025741	2.617342	-0.001801	-0.001261	0.005577	-0.236710	-0.127676	0.963155	0.467172	-0.884163	-0.002390	0.851891	0.449394	0.268937
02276	9.379778	-0.031656	2.670075	-0.003409	0.003150	0.004659	-0.236721	-0.127668	0.963153	0.467158	-0.884171	-0.002382	0.851896	0.449381	0.268943
02277	9.426267	-0.017498	2.593108	-0.000131	0.002254	0.004027	-0.236729	-0.127647	0.963154	0.467169	-0.884165	-0.002356	0.851888	0.449398	0.268940
02278	9.410155	-0.054225	2.630960	-0.003153	0.005083	0.004351	-0.236761	-0.127639	0.963147	0.467154	-0.884173	-0.002338	0.851887	0.449384	0.268965
02279	9.399146	-0.005453	2.610866	-0.002896	0.001184	0.008370	-0.236739	-0.127652	0.963151	0.467151	-0.884174	-0.002361	0.851895	0.449378	0.268952
02280	9.416246	-0.033304	2.623892	-0.001738	0.000832	0.007437	-0.236721	-0.127655	0.963155	0.467156	-0.884172	-0.002370	0.851897	0.449382	0.268937
02281	9.369478	-0.024706	2.613289	-0.000969	0.006633	0.006513	-0.236755	-0.127676	0.963144	0.467166	-0.884167	-0.002371	0.851882	0.449386	0.268977
02282	9.412433	-0.026080	2.647205	-0.003666	0.001215	0.004967	-0.236753	-0.127661	0.963146	0.467149	-0.884175	-0.002363	0.851892	0.449373	0.268968
02283	9.392711	-0.030608	2.619113	0.000126	-0.001646	0.008046	-0.236709	-0.127659	0.963157	0.467171	-0.884164	-0.002375	0.851892	0.449397	0.268928
02284	9.389057	-0.022713	2.641868	-0.003152	0.005083	0.004352	-0.236737	-0.127652	0.963151	0.467157	-0.884171	-0.002360	0.851892	0.449384	0.268949
02285	9.382741	-0.045656	2.649672	-0.000324	0.002413	0.006196	-0.236736	-0.127651	0.963152	0.467171	-0.884164	-0.002355	0.851885	0.449399	0.268948
02286	9.392520	-0.032438	2.619777	-0.001738	0.000831	0.007437	-0.236715	-0.127653	0.963157	0.467176	-0.884161	-0.002366	0.851888	0.449404	0.268931
02287	9.392470	-0.033165	2.619945	-0.001482	0.002764	0.007129	-0.236712	-0.127663	0.963156	0.467183	-0.884158	-0.002373	0.851885	0.449408	0.268933
02288	9.385181	-0.016690	2.665394	-0.002252	0.002797	0.003727	-0.236730	-0.127643	0.963154	0.467175	-0.884162	-0.002349	0.851884	0.449406	0.268939
02289	9.392376	-0.034408	2.620267	-0.000068	-0.001488	0.010214	-0.236677	-0.127660	0.963165	0.467201	-0.884148	-0.002383	0.851884	0.449428	0.268901
02290	9.421876	-0.017302	2.618483	-0.005079	0.005467	0.001883	-0.236723	-0.127637	0.963157	0.467165	-0.884167	-0.002350	0.851891	0.449397	0.268931
02291	9.368830	-0.030961	2.615546	-0.001161	0.006789	0.008682	-0.236748	-0.127678	0.963145	0.467178	-0.884160	-0.002372	0.851877	0.449399	0.268972
02292	9.398279	-0.013925	2.613954	-0.003666	0.001214	0.004968	-0.236742	-0.127663	0.963149	0.467162	-0.884169	-0.002366	0.851888	0.449386	0.268959
02293	9.411719	-0.033110	2.649666	-0.001482	0.002762	0.007130	-0.236740	-0.127672	0.963148	0.467168	-0.884165	-0.002374	0.851885	0.449390	0.268961
02294	9.394545	-0.006755	2.636995	-0.001482	0.002762	0.007130	-0.236737	-0.127679	0.963148	0.467174	-0.884162	-0.002379	0.851882	0.449395	0.268963
02295	9.378358	-0.019781	2.586590	-0.002445	0.002955	0.005895	-0.236743	-0.127678	0.963147	0.467170	-0.884164	-0.002377	0.851883	0.449390	0.268967
02296	9.418704	-0.052030	2.605274	-0.002251	0.002796	0.003727	-0.236759	-0.127658	0.963145	0.467162	-0.884169	-0.002353	0.851883	0.449388	0.268972
02297	9.397928	-0.017006	2.615199	-0.001482	0.002761	0.007130	-0.236757	-0.127667	0.963144	0.467169	-0.884165	-0.002360	0.851880	0.449392	0.268974
02298	9.391615	-0.040218	2.622910	-0.001676	0.002920	0.009298	-0.236749	-0.127700	0.963142	0.467180	-0.884159	-0.002391	0.851876	0.449394	0.268983
02299	9.414884	-0.045632	2.628589	-0.003666	0.001214	0.004968	-0.236744	-0.127683	0.963146	0.467163	-0.884168	-0.002383	0.851887	0.449381	0.268970
02300	9.397721	-0.019223	2.615928	-0.000260	0.004501	0.008058	-0.236752	-0.127706	0.963141	0.467181	-0.884158	-0.002394	0.851875	0.449394	0.268988
02301	9.414730	-0.047007	2.629117	-0.002703	0.001020	0.006203	-0.236739	-0.127699	0.963145	0.467175	-0.884162	-0.002396	0.851881	0.449390	0.268974
02302	9.374304	-0.015938	2.610760	0.000381	0.000282	0.007740	-0.236714	-0.127700	0.963151	0.467198	-0.884149	-0.002402	0.851876	0.449414	0.268952
02303	9.397580	-0.021344	2.616416	-0.003602	0.003305	0.006829	-0.236718	-0.127709	0.963149	0.467186	-0.884156	-0.002412	0.851881	0.449399	0.268959
02304	9.418209	-0.057677	2.606943	-0.001739	0.000826	0.007438	-0.236698	-0.127714	0.963153	0.467192	-0.884153	-0.002424	0.851884	0.449403	0.268944
02305	9.366924	-0.000860	2.656531	0.001285	0.003831	0.002789	-0.236725	-0.127689	0.963149	0.467212	-0.884142	-0.002382	0.851865	0.449431	0.268956
02306	9.420719	-0.027650	2.622554	-0.003666	0.001213	0.004968	-0.236719	-0.127670	0.963153	0.467194	-0.884151	-0.002373	0.851876	0.449418	0.268943
02307	9.394642	-0.054489	2.602302	-0.003086	0.007171	0.006214	-0.236759	-0.127691	0.963141	0.467185	-0.884156	-0.002376	0.851870	0.449402	0.268987
02308	9.423145	0.001937	2.638481	-0.001740	0.000825	0.007438	-0.236740	-0.127696	0.963145	0.467191	-0.884153	-0.002388	0.851873	0.449407	0.268972
02309	9.397157	-0.024924	2.617903	-0.001546	0.000667	0.005270	-0.236728	-0.127679	0.963150	0.467192	-0.884152	-0.002378	0.851875	0.449414	0.268954
02310	9.426711	-0.007814	2.616035	-0.002703	0.001019	0.006203	-0.236718	-0.127673	0.963153	0.467187	-0.884155	-0.002379	0.851881	0.449409	0.268943
02311	9.397080	-0.026155	2.618168	-0.002445	0.002952	0.005896	-0.236723	-0.127672	0.963152	0.467182	-0.884158	-0.002377	0.851882	0.449405	0.268947
02312	9.397004	-0.026818	2.618435	-0.001481	0.002758	0.007131	-0.236720	-0.127684	0.963151	0.467190	-0.884154	-0.002387	0.851879	0.449409	0.268950
02313	9.416670	-0.023625	2.646684	-0.001546	0.000667	0.005270	-0.236709	-0.127667	0.963156	0.467191	-0.884153	-0.002376	0.851881	0.449416	0.268932
02314	9.383436	-0.009464	2.583323	-0.001223	0.004691	0.006824	-0.236725	-0.127678	0.963151	0.467198	-0.884149	-0.002376	0.851873	0.449420	0.268951
02315	9.433574	-0.051944	2.660142	-0.003666	0.001212	0.004968	-0.236720	-0.127661	0.963154	0.467181	-0.884158	-0.002369	0.851883	0.449407	0.268939
02316	9.396788	-0.029199	2.619186	0.000575	0.000121	0.005572	-0.236703	-0.127641	0.963161	0.467201	-0.884148	-0.002353	0.851877	0.449433	0.268914
02317	9.403012	-0.007368	2.611896	-0.002444	0.002951	0.005896	-0.236708	-0.127640	0.963160	0.467196	-0.884150	-0.002351	0.851878	0.449428	0.268918
02318	9.384131	-0.075169	2.634474	-0.002444	0.002951	0.005896	-0.236712	-0.127639	0.963159	0.467192	-0.884153	-0.002349	0.851880	0.449424	0.268922
02319	9.399249	-0.000094	2.635047	-0.002444	0.002950	0.005896	-0.236717	-0.127638	0.963158	0.467187	-0.884155	-0.002347	0.851881	0.449420	0.268926
02320	9.392898	-0.023211	2.642764	-0.002639	0.003107	0.008065	-0.236712	-0.127656	0.963157	0.467186	-0.884156	-0.002366	0.851883	0.449413	0.268929
02321	9.416135	-0.028687	2.648534	-0.001481	0.002756	0.007132	-0.236709	-0.127665	0.963156	0.467193	-0.884152	-0.002374	0.851880	0.449418	0.268931
02322	9.373043	-0.028475	2.615178	0.000639	0.002209	0.007434	-0.236701	-0.127678	0.963157	0.467219	-0.884138	-0.002382	0.851868	0.449442	0.268930
02323	9.419610	-0.038486	2.626398	-0.001287	0.002598	0.004963	-0.236707	-0.127667	0.963157	0.467223	-0.884137	-0.002368	0.851864	0.449448	0.268931
02324	9.402495	-0.012046	2.613738	-0.002638	0.003106	0.008065	-0.236702	-0.127686	0.963156	0.467221	-0.884137	-0.002388	0.851867	0.449442	0.268934
02325	9.399746	-0.043566	2.598847	-0.002250	0.002793	0.003728	-0.236715	-0.127665	0.963155	0.467213	-0.884141	-0.002364	0.851867	0.449439	0.268937
02326	9.396063	-0.035616	2.621704	-0.001481	0.002754	0.007132	-0.236715	-0.127676	0.963154	0.467220	-0.884138	-0.002372	0.851863	0.449444	0.268942
02327	9.415692	-0.032488	2.650068	-0.002444	0.002949	0.005897	-0.236720	-0.127675	0.963152	0.467216	-0.884140	-0.002370	0.851864	0.449439	0.268946
02328	9.395939	-0.036902	2.622131	-0.000583	0.000470	0.006506	-0.236701	-0.127669	0.963158	0.467229	-0.884133	-0.002371	0.851862	0.449455	0.268926
02329	9.378816	-0.010423	2.609536	-0.000962	0.006620	0.006519	-0.236734	-0.127690	0.963147	0.467239	-0.884128	-0.002371	0.851848	0.449459	0.268965
02330	9.432449	-0.061429	2.663924	-0.001287	0.002597	0.004964	-0.236742	-0.127681	0.963146	0.467242	-0.884126	-0.002357	0.851844	0.449465	0.268967
02331	9.378627	-0.011490	2.610212	-0.001287	0.002597	0.004964	-0.236748	-0.127670	0.963146	0.467246	-0.884124	-0.002343	0.851840	0.449471	0.268968
02332	9.435110	-0.007619	2.591337	-0.000584	0.000469	0.006506	-0.236729	-0.127662	0.963152	0.467258	-0.884118	-0.002342	0.851839	0.449486	0.268947
02333	9.399172	-0.048343	2.600838	-0.001481	0.002753	0.007133	-0.236726	-0.127672	0.963151	0.467265	-0.884114	-0.002349	0.851836	0.449491	0.268949
02334	9.398170	-0.009600	2.638874	-0.002444	0.002948	0.005897	-0.236728	-0.127670	0.963151	0.467261	-0.884117	-0.002349	0.851838	0.449487	0.268950
02335	9.418747	-0.045804	2.629374	-0.001547	0.000664	0.005271	-0.236716	-0.127654	0.963156	0.467262	-0.884116	-0.002338	0.851840	0.449493	0.268932
02336	9.378375	-0.014578	2.611103	-0.001481	0.002752	0.007133	-0.236717	-0.127663	0.963155	0.467269	-0.884112	-0.002344	0.851836	0.449497	0.268937
02337	9.418578	-0.046894	2.629961	-0.000572	0.006306	0.002182	-0.236768	-0.127644	0.963145	0.467272	-0.884111	-0.002302	0.851821	0.449505	0.268974
02338	9.375477	-0.046510	2.596669	0.000184	0.000428	0.009911	-0.236731	-0.127668	0.963151	0.467299	-0.884096	-0.002333	0.851816	0.449527	0.268952
02339	9.394268	-0.004079	2.662503	-0.001807	-0.001270	0.005577	-0.236701	-0.127646	0.963161	0.467300	-0.884096	-0.002326	0.851824	0.449534	0.268916
02340	9.424760	-0.026500	2.622935	-0.005721	0.003845	0.006528	-0.236714	-0.127653	0.963157	0.467268	-0.884113	-0.002337	0.851837	0.449499	0.268930
02341	9.374448	-0.009150	2.634822	-0.001286	0.002595	0.004964	-0.236720	-0.127642	0.963157	0.467271	-0.884111	-0.002323	0.851834	0.449506	0.268931
02342	9.441604	-0.054867	2.636417	-0.001481	0.002751	0.007133	-0.236716	-0.127654	0.963156	0.467279	-0.884107	-0.002333	0.851831	0.449510	0.268932
02343	9.371628	-0.041328	2.620072	-0.002704	0.001014	0.006204	-0.236703	-0.127647	0.963160	0.467273	-0.884110	-0.002335	0.851838	0.449506	0.268917
02344	9.430806	-0.006674	2.616432	-0.002444	0.002946	0.005898	-0.236709	-0.127648	0.963159	0.467269	-0.884112	-0.002334	0.851838	0.449502	0.268923
02345	9.391171	-0.038741	2.648712	-0.001026	0.004528	0.004658	-0.236733	-0.127643	0.963153	0.467274	-0.884110	-0.002317	0.851829	0.449508	0.268942
02346	9.397377	-0.016955	2.641660	-0.003601	0.003297	0.006831	-0.236740	-0.127654	0.963150	0.467262	-0.884116	-0.002328	0.851834	0.449493	0.268953
02347	9.424214	-0.030826	2.624848	-0.001286	0.002594	0.004965	-0.236746	-0.127644	0.963150	0.467265	-0.884114	-0.002314	0.851830	0.449499	0.268954
02348	9.400834	-0.026639	2.619598	-0.002444	0.002945	0.005898	-0.236753	-0.127642	0.963149	0.467261	-0.884117	-0.002310	0.851831	0.449494	0.268960
02349	9.381086	-0.031030	2.591675	-0.002704	0.001013	0.006204	-0.236741	-0.127635	0.963153	0.467255	-0.884120	-0.002312	0.851837	0.449490	0.268945
02350	9.420426	-0.024099	2.648062	-0.001286	0.002594	0.004965	-0.236747	-0.127624	0.963153	0.467258	-0.884118	-0.002298	0.851834	0.449497	0.268945
02351	9.400658	-0.028412	2.620213	-0.002443	0.002945	0.005898	-0.236752	-0.127623	0.963152	0.467253	-0.884121	-0.002296	0.851835	0.449492	0.268949
02352	9.377303	-0.024189	2.614879	-0.002510	0.000857	0.004036	-0.236750	-0.127597	0.963156	0.467244	-0.884126	-0.002275	0.851841	0.449490	0.268935
02353	9.396999	-0.021053	2.642976	-0.002003	-0.001117	0.007747	-0.236712	-0.127594	0.963165	0.467247	-0.884124	-0.002290	0.851849	0.449494	0.268900
02354	9.423862	-0.035041	2.626057	-0.001220	0.004681	0.006828	-0.236727	-0.127609	0.963160	0.467256	-0.884119	-0.002294	0.851841	0.449499	0.268921
02355	9.377104	-0.026285	2.615569	-0.001154	0.006768	0.008691	-0.236751	-0.127650	0.963148	0.467269	-0.884112	-0.002316	0.851827	0.449501	0.268962
02356	9.423602	-0.036510	2.626971	-0.003667	0.001208	0.004969	-0.236747	-0.127632	0.963152	0.467251	-0.884122	-0.002307	0.851838	0.449488	0.268949
02357	9.403861	-0.040830	2.599026	-0.000324	0.002396	0.006201	-0.236745	-0.127631	0.963152	0.467266	-0.884114	-0.002302	0.851830	0.449503	0.268948
02358	9.390246	-0.046799	2.651860	-0.000324	0.002396	0.006201	-0.236744	-0.127629	0.963153	0.467280	-0.884107	-0.002296	0.851823	0.449518	0.268945
02359	9.419812	-0.029771	2.650190	-0.000324	0.002396	0.006202	-0.236743	-0.127628	0.963153	0.467294	-0.884099	-0.002292	0.851815	0.449533	0.268944
02360	9.369552	-0.012463	2.661924	-0.002900	0.001165	0.008374	-0.236722	-0.127642	0.963156	0.467292	-0.884100	-0.002316	0.851822	0.449527	0.268932
02361	9.423313	-0.039701	2.627960	-0.003405	0.003140	0.004663	-0.236735	-0.127631	0.963155	0.467276	-0.884108	-0.002304	0.851827	0.449514	0.268938
02362	9.406246	-0.013150	2.615401	-0.001219	0.004678	0.006829	-0.236748	-0.127646	0.963149	0.467284	-0.884104	-0.002309	0.851819	0.449518	0.268957
02363	9.399830	-0.036152	2.623086	-0.003667	0.001207	0.004969	-0.236743	-0.127629	0.963153	0.467267	-0.884113	-0.002301	0.851830	0.449505	0.268944
02364	9.399803	-0.036851	2.623171	-0.000781	0.000616	0.008677	-0.236717	-0.127642	0.963158	0.467283	-0.884105	-0.002320	0.851828	0.449518	0.268927
02365	9.406096	-0.015197	2.615930	-0.002443	0.002942	0.005899	-0.236722	-0.127641	0.963157	0.467279	-0.884107	-0.002318	0.851829	0.449514	0.268931
02366	9.406020	-0.015861	2.616198	-0.001481	0.002745	0.007135	-0.236718	-0.127647	0.963157	0.467285	-0.884104	-0.002324	0.851827	0.449518	0.268931
02367	9.402360	-0.008042	2.638973	-0.002705	0.001010	0.006205	-0.236705	-0.127640	0.963161	0.467279	-0.884107	-0.002326	0.851834	0.449514	0.268916
02368	9.399548	-0.039439	2.624048	-0.001986	0.004721	0.003424	-0.236736	-0.127624	0.963155	0.467272	-0.884111	-0.002298	0.851829	0.449511	0.268936
02369	9.402236	-0.009134	2.639412	-0.002005	-0.001121	0.007747	-0.236698	-0.127621	0.963165	0.467276	-0.884109	-0.002313	0.851838	0.449516	0.268901
02370	9.379785	-0.044583	2.596180	-0.001676	0.002897	0.009305	-0.236687	-0.127649	0.963164	0.467286	-0.884103	-0.002341	0.851835	0.449519	0.268904
02371	9.399397	-0.041575	2.624557	-0.001285	0.002590	0.004966	-0.236693	-0.127638	0.963164	0.467289	-0.884102	-0.002327	0.851832	0.449525	0.268905
02372	9.402100	-0.011154	2.639889	-0.000391	0.000307	0.004339	-0.236682	-0.127614	0.963170	0.467299	-0.884096	-0.002307	0.851829	0.449542	0.268884
02373	9.382349	-0.015413	2.612002	-0.001218	0.004676	0.006830	-0.236698	-0.127630	0.963164	0.467307	-0.884092	-0.002311	0.851821	0.449546	0.268905
02374	9.399196	-0.043109	2.625251	-0.000128	0.002239	0.004033	-0.236707	-0.127605	0.963165	0.467317	-0.884087	-0.002281	0.851813	0.449563	0.268902
02375	9.405533	-0.021266	2.617910	-0.002968	-0.000924	0.006511	-0.236677	-0.127592	0.963174	0.467309	-0.884091	-0.002286	0.851825	0.449559	0.268869
02376	9.399170	-0.044422	2.625322	-0.002900	0.001161	0.008375	-0.236658	-0.127607	0.963177	0.467307	-0.884092	-0.002310	0.851831	0.449553	0.268859
02377	9.405462	-0.022589	2.618154	0.001292	0.003820	0.002794	-0.236685	-0.127583	0.963173	0.467327	-0.884081	-0.002268	0.851813	0.449581	0.268872
02378	9.401786	-0.014485	2.640991	-0.003667	0.001206	0.004969	-0.236751	-0.127758	0.963134	0.467252	-0.884121	-0.002421	0.851836	0.449453	0.269012
02379	9.395345	-0.037483	2.648667	-0.001218	0.004674	0.006831	-0.236766	-0.127774	0.963128	0.467260	-0.884117	-0.002425	0.851827	0.449457	0.269033
02380	9.398849	-0.046583	2.626433	-0.003404	0.003138	0.004664	-0.236779	-0.127764	0.963126	0.467244	-0.884125	-0.002414	0.851832	0.449444	0.269039
02381	9.401497	-0.016262	2.642010	-0.002180	0.004872	0.005595	-0.236802	-0.127769	0.963120	0.467241	-0.884126	-0.002409	0.851827	0.449439	0.269062
02382	9.405006	-0.025407	2.619767	-0.001481	0.002741	0.007137	-0.236803	-0.127780	0.963118	0.467249	-0.884123	-0.002416	0.851823	0.449443	0.269068
02383	9.414910	-0.012192	2.590036	-0.002442	0.002939	0.005900	-0.236808	-0.127779	0.963117	0.467244	-0.884125	-0.002415	0.851824	0.449439	0.269072
02384	9.375200	-0.044297	2.622144	0.000638	0.002192	0.007440	-0.236798	-0.127789	0.963118	0.467270	-0.884112	-0.002421	0.851813	0.449463	0.269068
02385	9.430864	-0.001380	2.641173	-0.003863	0.001358	0.007139	-0.236784	-0.127792	0.963121	0.467256	-0.884119	-0.002435	0.851825	0.449448	0.269057
02386	9.392029	-0.072872	2.635351	-0.003667	0.001205	0.004969	-0.236779	-0.127775	0.963125	0.467239	-0.884128	-0.002427	0.851836	0.449435	0.269044
02387	9.381419	-0.023811	2.615275	0.001097	0.003970	0.004965	-0.236797	-0.127771	0.963121	0.467262	-0.884115	-0.002407	0.851818	0.449460	0.269058
02388	9.387699	-0.002021	2.608221	-0.003600	0.003289	0.006834	-0.236799	-0.127780	0.963119	0.467250	-0.884122	-0.002418	0.851824	0.449445	0.269064
02389	9.404525	-0.029839	2.621446	-0.003404	0.003137	0.004664	-0.236811	-0.127769	0.963118	0.467234	-0.884130	-0.002407	0.851829	0.449432	0.269070
02390	9.404469	-0.030431	2.621639	-0.002706	0.001006	0.006206	-0.236800	-0.127763	0.963121	0.467229	-0.884133	-0.002408	0.851835	0.449428	0.269057
02391	9.400805	-0.022571	2.644425	-0.002442	0.002938	0.005901	-0.236805	-0.127762	0.963120	0.467224	-0.884136	-0.002407	0.851836	0.449423	0.269061
02392	9.374698	-0.049205	2.623853	-0.001549	0.000655	0.005273	-0.236794	-0.127746	0.963125	0.467226	-0.884135	-0.002397	0.851838	0.449429	0.269044
02393	9.410681	-0.009770	2.614844	-0.001021	0.004519	0.004662	-0.236818	-0.127741	0.963120	0.467231	-0.884132	-0.002379	0.851829	0.449436	0.269063
02394	9.401451	-0.063622	2.607274	-0.001744	0.000806	0.007443	-0.236799	-0.127743	0.963124	0.467235	-0.884130	-0.002389	0.851832	0.449440	0.269047
02395	9.400577	-0.025029	2.645213	-0.005982	0.001906	0.006836	-0.236791	-0.127746	0.963126	0.467203	-0.884147	-0.002406	0.851852	0.449405	0.269041
02396	9.390866	-0.015490	2.587208	-0.001549	0.000654	0.005273	-0.236778	-0.127728	0.963131	0.467204	-0.884146	-0.002395	0.851855	0.449412	0.269022
02397	9.400520	-0.026339	2.645401	-0.001744	0.000806	0.007443	-0.236758	-0.127732	0.963136	0.467209	-0.884143	-0.002406	0.851858	0.449416	0.269005
02398	9.387187	-0.008316	2.610054	-0.002442	0.002937	0.005901	-0.236763	-0.127730	0.963135	0.467205	-0.884146	-0.002404	0.851859	0.449412	0.269009
02399	9.380737	-0.031385	2.617642	-0.003863	0.001355	0.007140	-0.236749	-0.127733	0.963138	0.467191	-0.884153	-0.002418	0.851870	0.449397	0.268998
02400	9.403937	-0.036890	2.623466	-0.002178	0.004868	0.005597	-0.236770	-0.127740	0.963132	0.467188	-0.884154	-0.002415	0.851866	0.449392	0.269020
02401	9.410249	-0.015194	2.616372	-0.003863	0.001355	0.007140	-0.236755	-0.127743	0.963135	0.467175	-0.884162	-0.002429	0.851877	0.449377	0.269008
02402	9.397419	-0.060610	2.631260	-0.003667	0.001203	0.004970	-0.236750	-0.127725	0.963138	0.467157	-0.884171	-0.002420	0.851888	0.449364	0.268995
02403	9.380473	-0.034053	2.618552	-0.003599	0.003286	0.006835	-0.236754	-0.127734	0.963136	0.467145	-0.884177	-0.002431	0.851894	0.449349	0.269003
02404	9.410077	-0.017132	2.616979	-0.001285	0.002585	0.004968	-0.236760	-0.127723	0.963136	0.467148	-0.884176	-0.002416	0.851891	0.449355	0.269003
02405	9.403627	-0.040083	2.624529	-0.002706	0.001003	0.006207	-0.236747	-0.127716	0.963141	0.467142	-0.884179	-0.002418	0.851897	0.449351	0.268988
02406	9.409986	-0.018229	2.617299	-0.000127	0.002234	0.004035	-0.236753	-0.127695	0.963142	0.467153	-0.884173	-0.002393	0.851890	0.449368	0.268984
02407	9.403520	-0.041089	2.624898	-0.000323	0.002384	0.006205	-0.236752	-0.127695	0.963142	0.467167	-0.884166	-0.002389	0.851882	0.449383	0.268983
02408	9.409861	-0.019309	2.617741	-0.000323	0.002384	0.006205	-0.236752	-0.127695	0.963142	0.467182	-0.884158	-0.002385	0.851874	0.449398	0.268983
02409	9.409793	-0.019960	2.617981	-0.001480	0.002735	0.007139	-0.236749	-0.127704	0.963141	0.467188	-0.884155	-0.002392	0.851871	0.449402	0.268985
02410	9.386461	-0.015754	2.612629	-0.003667	0.001202	0.004970	-0.236744	-0.127687	0.963145	0.467171	-0.884164	-0.002384	0.851882	0.449389	0.268972
02411	9.376334	-0.030340	2.642984	-0.001147	0.006748	0.008700	-0.236768	-0.127728	0.963134	0.467184	-0.884157	-0.002406	0.851868	0.449391	0.269013
02412	9.426459	-0.049236	2.631597	0.000040	-0.003763	0.006186	-0.236715	-0.127700	0.963151	0.467202	-0.884148	-0.002400	0.851874	0.449417	0.268952
02413	9.409599	-0.022678	2.618657	-0.003598	0.003284	0.006836	-0.236718	-0.127709	0.963148	0.467190	-0.884154	-0.002411	0.851879	0.449402	0.268960
02414	9.399492	-0.037132	2.648923	-0.002245	0.002783	0.003732	-0.236730	-0.127685	0.963149	0.467181	-0.884159	-0.002386	0.851881	0.449400	0.268959
02415	9.432715	-0.028676	2.624766	-0.003599	0.003284	0.006836	-0.236734	-0.127694	0.963147	0.467169	-0.884165	-0.002397	0.851886	0.449385	0.268967
02416	9.386101	-0.019773	2.613895	-0.002902	0.001151	0.008377	-0.236711	-0.127710	0.963150	0.467167	-0.884166	-0.002422	0.851894	0.449378	0.268954
02417	9.386035	-0.020319	2.614127	0.001295	0.003813	0.002798	-0.236738	-0.127686	0.963147	0.467187	-0.884155	-0.002381	0.851875	0.449406	0.268967
02418	9.375890	-0.034650	2.644505	-0.001215	0.004664	0.006835	-0.236753	-0.127700	0.963141	0.467195	-0.884151	-0.002384	0.851867	0.449410	0.268986
02419	9.409093	-0.026331	2.620440	-0.003598	0.003283	0.006836	-0.236757	-0.127709	0.963139	0.467183	-0.884158	-0.002395	0.851872	0.449395	0.268994
02420	9.382920	-0.053009	2.599958	-0.002441	0.002932	0.005903	-0.236764	-0.127708	0.963137	0.467178	-0.884160	-0.002392	0.851873	0.449390	0.268999
02421	9.385639	-0.022738	2.615528	-0.000058	0.004313	0.005902	-0.236780	-0.127714	0.963133	0.467194	-0.884152	-0.002384	0.851860	0.449405	0.269017
02422	9.405256	-0.019733	2.643835	-0.002972	-0.000931	0.006512	-0.236748	-0.127702	0.963142	0.467187	-0.884155	-0.002391	0.851873	0.449401	0.268983
02423	9.425710	-0.056172	2.634140	-0.001746	0.000799	0.007444	-0.236728	-0.127705	0.963147	0.467192	-0.884153	-0.002402	0.851876	0.449406	0.268966
02424	9.385527	-0.024622	2.615913	0.000139	0.004163	0.003732	-0.236754	-0.127692	0.963142	0.467205	-0.884146	-0.002373	0.851861	0.449422	0.268984
02425	9.425515	-0.057246	2.634814	-0.003333	0.005214	0.006532	-0.236776	-0.127707	0.963135	0.467194	-0.884152	-0.002380	0.851861	0.449407	0.269010
02426	9.381748	-0.017175	2.639108	0.000499	-0.001983	0.003712	-0.236751	-0.127664	0.963146	0.467209	-0.884144	-0.002348	0.851859	0.449435	0.268968
02427	9.402210	-0.053439	2.629364	-0.001746	0.000799	0.007445	-0.236731	-0.127668	0.963151	0.467214	-0.884141	-0.002359	0.851862	0.449439	0.268952
02428	9.408569	-0.031737	2.622259	-0.002175	0.004863	0.005599	-0.236752	-0.127675	0.963145	0.467212	-0.884142	-0.002356	0.851857	0.449435	0.268974
02429	9.404836	-0.023820	2.645295	-0.000057	0.004311	0.005903	-0.236769	-0.127681	0.963140	0.467228	-0.884134	-0.002348	0.851844	0.449450	0.268991
02430	9.398316	-0.046806	2.652939	-0.004825	0.001551	0.005904	-0.236763	-0.127675	0.963142	0.467204	-0.884147	-0.002354	0.851859	0.449426	0.268983
02431	9.385035	-0.028807	2.617634	-0.002637	0.003080	0.008074	-0.236759	-0.127694	0.963140	0.467203	-0.884147	-0.002374	0.851861	0.449420	0.268989
02432	9.411838	-0.042938	2.600849	-0.001480	0.002729	0.007141	-0.236756	-0.127704	0.963140	0.467209	-0.884143	-0.002382	0.851858	0.449424	0.268991
02433	9.408148	-0.035071	2.623729	-0.003402	0.003132	0.004666	-0.236768	-0.127693	0.963138	0.467194	-0.884152	-0.002371	0.851863	0.449411	0.268997
02434	9.408094	-0.035708	2.623913	-0.001746	0.000797	0.007445	-0.236746	-0.127699	0.963143	0.467200	-0.884149	-0.002385	0.851866	0.449415	0.268980
02435	9.411663	-0.044909	2.601447	0.000638	0.002176	0.007445	-0.236738	-0.127709	0.963144	0.467225	-0.884135	-0.002390	0.851854	0.449439	0.268977
02436	9.381127	-0.023678	2.641266	-0.003668	0.001200	0.004971	-0.236730	-0.127692	0.963148	0.467208	-0.884144	-0.002384	0.851866	0.449426	0.268962
02437	9.431217	-0.042523	2.629954	-0.002441	0.002929	0.005904	-0.236735	-0.127692	0.963147	0.467204	-0.884146	-0.002383	0.851867	0.449422	0.268966
02438	9.407878	-0.038245	2.624653	-0.000323	0.002377	0.006208	-0.236734	-0.127691	0.963147	0.467218	-0.884139	-0.002378	0.851859	0.449437	0.268966
02439	9.414258	-0.016441	2.617548	-0.003401	0.003131	0.004667	-0.236747	-0.127681	0.963145	0.467203	-0.884147	-0.002367	0.851864	0.449424	0.268971
02440	9.384448	-0.034653	2.619667	-0.003794	0.003428	0.009008	-0.236739	-0.127708	0.963143	0.467194	-0.884152	-0.002399	0.851871	0.449406	0.268978
02441	9.371164	-0.016618	2.584453	-0.003401	0.003131	0.004667	-0.236752	-0.127698	0.963142	0.467178	-0.884160	-0.002388	0.851876	0.449393	0.268984
02442	9.454094	-0.050553	2.636848	0.002952	0.001474	0.005579	-0.236746	-0.127689	0.963144	0.467219	-0.884138	-0.002370	0.851855	0.449438	0.268975
02443	9.367379	-0.009174	2.607678	-0.003064	0.007141	0.006230	-0.236785	-0.127710	0.963132	0.467210	-0.884143	-0.002373	0.851849	0.449423	0.269019
02444	9.434215	-0.055365	2.609478	-0.002708	0.000997	0.006208	-0.236770	-0.127701	0.963137	0.467204	-0.884147	-0.002374	0.851857	0.449419	0.269002
02445	9.410164	-0.011841	2.641859	-0.001747	0.000794	0.007445	-0.236750	-0.127704	0.963141	0.467209	-0.884144	-0.002385	0.851860	0.449423	0.268985
02446	9.383976	-0.038544	2.621303	-0.000253	0.004455	0.008075	-0.236756	-0.127731	0.963136	0.467229	-0.884133	-0.002401	0.851847	0.449436	0.269004
02447	9.410752	-0.052619	2.604599	-0.002441	0.002928	0.005904	-0.236761	-0.127731	0.963135	0.467224	-0.884136	-0.002399	0.851848	0.449432	0.269008
02448	9.420002	0.000073	2.612758	-0.002244	0.002780	0.003734	-0.236773	-0.127710	0.963135	0.467216	-0.884140	-0.002377	0.851850	0.449429	0.269008
02449	9.433885	-0.058720	2.610598	-0.001944	0.000941	0.009617	-0.236743	-0.127733	0.963139	0.467225	-0.884135	-0.002410	0.851853	0.449432	0.268993
02450	9.380110	-0.032796	2.644776	-0.001747	0.000793	0.007446	-0.236723	-0.127737	0.963143	0.467230	-0.884133	-0.002421	0.851856	0.449436	0.268977
02451	9.409805	-0.016056	2.643117	0.000638	0.002171	0.007446	-0.236715	-0.127746	0.963144	0.467255	-0.884119	-0.002426	0.851844	0.449460	0.268974
02452	9.413343	-0.025250	2.620767	-0.003597	0.003277	0.006838	-0.236720	-0.127752	0.963142	0.467242	-0.884126	-0.002433	0.851850	0.449445	0.268981
02453	9.383524	-0.043424	2.622845	-0.001480	0.002724	0.007142	-0.236717	-0.127761	0.963142	0.467249	-0.884122	-0.002441	0.851847	0.449449	0.268983
02454	9.409575	-0.018158	2.643920	-0.002440	0.002926	0.005905	-0.236724	-0.127761	0.963140	0.467245	-0.884125	-0.002439	0.851848	0.449445	0.268989
02455	9.436370	-0.032220	2.627139	-0.001480	0.002723	0.007142	-0.236721	-0.127771	0.963140	0.467251	-0.884121	-0.002447	0.851845	0.449449	0.268991
02456	9.386980	-0.053950	2.600758	-0.003243	-0.002868	0.006816	-0.236671	-0.127754	0.963154	0.467243	-0.884126	-0.002458	0.851863	0.449445	0.268939
02457	9.402959	-0.042494	2.651724	-0.002865	0.006991	0.004060	-0.236719	-0.127755	0.963142	0.467230	-0.884132	-0.002440	0.851857	0.449432	0.268982
02458	9.379596	-0.038178	2.646528	-0.001748	0.000791	0.007446	-0.236701	-0.127758	0.963146	0.467235	-0.884130	-0.002450	0.851859	0.449436	0.268967
02459	9.436214	-0.034799	2.627668	-0.001819	-0.001287	0.005579	-0.236671	-0.127735	0.963156	0.467235	-0.884130	-0.002443	0.851867	0.449442	0.268931
02460	9.389641	-0.025653	2.616746	-0.004486	0.005557	0.007469	-0.236691	-0.127763	0.963148	0.467218	-0.884139	-0.002465	0.851871	0.449417	0.268961
02461	9.389529	-0.026371	2.617143	-0.002440	0.002925	0.005905	-0.236696	-0.127763	0.963147	0.467214	-0.884141	-0.002463	0.851872	0.449412	0.268965
02462	9.405486	-0.015002	2.668185	-0.001480	0.002721	0.007143	-0.236693	-0.127772	0.963146	0.467220	-0.884137	-0.002472	0.851869	0.449417	0.268967
02463	9.385766	-0.019220	2.640280	-0.002440	0.002925	0.005906	-0.236698	-0.127772	0.963145	0.467216	-0.884140	-0.002470	0.851871	0.449412	0.268971
02464	9.416223	-0.041748	2.600694	-0.000859	-0.001491	0.006817	-0.236663	-0.127758	0.963155	0.467227	-0.884134	-0.002471	0.851874	0.449427	0.268934
02465	9.389283	-0.028899	2.617996	-0.002863	0.006990	0.004061	-0.236711	-0.127760	0.963143	0.467215	-0.884141	-0.002453	0.851868	0.449414	0.268977
02466	9.399241	-0.015586	2.588588	-0.001212	0.004651	0.006840	-0.236727	-0.127774	0.963138	0.467223	-0.884136	-0.002457	0.851859	0.449418	0.268998
02467	9.408730	-0.026632	2.646854	0.000101	-0.001696	0.008054	-0.236682	-0.127772	0.963149	0.467245	-0.884124	-0.002469	0.851859	0.449442	0.268957
02468	9.389038	-0.030860	2.618855	-0.004288	0.005408	0.005298	-0.236710	-0.127777	0.963141	0.467223	-0.884136	-0.002467	0.851863	0.449418	0.268984
02469	9.408593	-0.027950	2.647328	-0.002708	0.000992	0.006209	-0.236697	-0.127770	0.963146	0.467217	-0.884139	-0.002469	0.851870	0.449414	0.268969
02470	9.378758	-0.046034	2.649370	-0.001211	0.004650	0.006841	-0.236709	-0.127787	0.963140	0.467226	-0.884134	-0.002476	0.851862	0.449418	0.268988
02471	9.422179	-0.023868	2.595273	-0.000591	0.000438	0.006514	-0.236690	-0.127781	0.963146	0.467239	-0.884128	-0.002475	0.851860	0.449433	0.268968
02472	9.405504	-0.060725	2.632725	-0.002440	0.002923	0.005906	-0.236693	-0.127779	0.963145	0.467234	-0.884130	-0.002474	0.851862	0.449429	0.268970
02473	9.375534	-0.015150	2.584643	-0.001014	0.004504	0.004670	-0.236717	-0.127775	0.963140	0.467239	-0.884128	-0.002456	0.851853	0.449435	0.268989
02474	9.435120	-0.044376	2.631450	-0.001820	-0.001289	0.005579	-0.236690	-0.127751	0.963150	0.467239	-0.884128	-0.002447	0.851860	0.449441	0.268955
02475	9.382124	-0.057474	2.627579	0.002485	-0.000321	0.008056	-0.236657	-0.127754	0.963157	0.467281	-0.884105	-0.002453	0.851846	0.449485	0.268927
02476	9.395090	-0.013403	2.613108	-0.002171	0.004853	0.005603	-0.236680	-0.127761	0.963151	0.467279	-0.884107	-0.002449	0.851841	0.449480	0.268950
02477	9.415337	-0.049725	2.603760	-0.001282	0.002572	0.004973	-0.236686	-0.127750	0.963151	0.467282	-0.884105	-0.002435	0.851838	0.449487	0.268951
02478	9.368790	-0.040404	2.592786	-0.002709	0.000991	0.006209	-0.236672	-0.127743	0.963155	0.467276	-0.884108	-0.002437	0.851845	0.449482	0.268935
02479	9.388404	-0.037471	2.621040	-0.001551	0.000641	0.005276	-0.236660	-0.127726	0.963160	0.467277	-0.884107	-0.002427	0.851847	0.449489	0.268917
02480	9.384766	-0.029544	2.643734	-0.003668	0.001195	0.004972	-0.236656	-0.127709	0.963164	0.467260	-0.884117	-0.002419	0.851858	0.449475	0.268905
02481	9.418099	-0.021349	2.619521	0.000440	0.002308	0.009620	-0.236638	-0.127738	0.963164	0.467289	-0.884101	-0.002445	0.851847	0.449497	0.268903
02482	9.414423	-0.013571	2.642359	-0.001282	0.002572	0.004973	-0.236643	-0.127727	0.963164	0.467292	-0.884100	-0.002431	0.851844	0.449504	0.268902
02483	9.388165	-0.040031	2.621857	-0.001210	0.004647	0.006842	-0.236659	-0.127742	0.963159	0.467300	-0.884095	-0.002435	0.851835	0.449508	0.268923
02484	9.417860	-0.023257	2.620365	-0.003668	0.001195	0.004972	-0.236656	-0.127727	0.963161	0.467283	-0.884104	-0.002428	0.851845	0.449495	0.268914
02485	9.361196	-0.027926	2.639274	-0.002906	0.001135	0.008381	-0.236635	-0.127740	0.963165	0.467281	-0.884106	-0.002451	0.851853	0.449489	0.268900
02486	9.417773	-0.024714	2.620664	-0.002439	0.002921	0.005907	-0.236639	-0.127738	0.963164	0.467276	-0.884108	-0.002449	0.851854	0.449484	0.268903
02487	9.384304	-0.034351	2.645316	-0.002636	0.003065	0.008079	-0.236635	-0.127757	0.963163	0.467275	-0.884108	-0.002469	0.851856	0.449478	0.268909
02488	9.394368	-0.021199	2.615652	-0.002439	0.002920	0.005907	-0.236640	-0.127756	0.963161	0.467271	-0.884111	-0.002466	0.851857	0.449473	0.268913
02489	9.387752	-0.044122	2.623269	-0.003399	0.003125	0.004669	-0.236652	-0.127745	0.963160	0.467255	-0.884119	-0.002455	0.851862	0.449460	0.268918
02490	9.417465	-0.027136	2.621745	0.001032	0.001870	0.003107	-0.236661	-0.127711	0.963162	0.467272	-0.884110	-0.002414	0.851850	0.449488	0.268910
02491	9.410864	-0.050080	2.629301	-0.001677	0.002859	0.009317	-0.236649	-0.127740	0.963161	0.467283	-0.884105	-0.002444	0.851847	0.449490	0.268914
02492	9.390497	-0.015118	2.639172	-0.001749	0.000784	0.007448	-0.236630	-0.127742	0.963166	0.467287	-0.884102	-0.002453	0.851850	0.449494	0.268897
02493	9.383882	-0.038027	2.646762	-0.001971	0.004706	0.003433	-0.236661	-0.127727	0.963160	0.467281	-0.884106	-0.002427	0.851845	0.449492	0.268918
02494	9.427359	-0.015811	2.592714	-0.001750	0.000783	0.007448	-0.236643	-0.127729	0.963164	0.467285	-0.884103	-0.002436	0.851848	0.449496	0.268902
02495	9.387375	-0.047729	2.624556	-0.000322	0.002364	0.006212	-0.236641	-0.127728	0.963165	0.467300	-0.884096	-0.002431	0.851840	0.449511	0.268901
02496	9.413501	-0.022462	2.645579	-0.003669	0.001194	0.004972	-0.236633	-0.127713	0.963169	0.467283	-0.884104	-0.002426	0.851852	0.449498	0.268886
02497	9.387304	-0.048947	2.624788	0.000367	0.000227	0.007753	-0.236606	-0.127716	0.963175	0.467307	-0.884092	-0.002435	0.851846	0.449522	0.268864
02498	9.417021	-0.032185	2.623284	-0.003128	0.005055	0.004367	-0.236637	-0.127712	0.963168	0.467293	-0.884099	-0.002420	0.851845	0.449509	0.268889
02499	9.393670	-0.027819	2.618096	-0.003596	0.003268	0.006841	-0.236641	-0.127721	0.963166	0.467281	-0.884106	-0.002430	0.851851	0.449494	0.268897
02500	9.416831	-0.033572	2.623946	-0.000520	0.002507	0.008384	-0.236630	-0.127739	0.963166	0.467298	-0.884096	-0.002447	0.851844	0.449507	0.268896
02501	9.393494	-0.029280	2.618712	-0.002168	0.004849	0.005605	-0.236652	-0.127744	0.963160	0.467296	-0.884098	-0.002442	0.851840	0.449502	0.268918
02502	9.393395	-0.029822	2.619059	-0.001282	0.002568	0.004974	-0.236659	-0.127734	0.963160	0.467299	-0.884096	-0.002428	0.851836	0.449509	0.268920
02503	9.393329	-0.030369	2.619291	-0.000322	0.002362	0.006213	-0.236658	-0.127733	0.963160	0.467313	-0.884089	-0.002423	0.851828	0.449524	0.268918
02504	9.420110	-0.044332	2.602504	-0.002241	0.002774	0.003736	-0.236673	-0.127712	0.963159	0.467305	-0.884093	-0.002399	0.851829	0.449521	0.268921
02505	9.369972	-0.026560	2.614122	-0.001948	0.000925	0.009621	-0.236644	-0.127735	0.963163	0.467314	-0.884088	-0.002432	0.851832	0.449524	0.268906
02506	9.409892	-0.059444	2.632581	-0.001428	-0.001581	0.001236	-0.236631	-0.127673	0.963174	0.467307	-0.884092	-0.002383	0.851839	0.449534	0.268867
02507	9.393142	-0.032515	2.619933	-0.003054	0.007128	0.006237	-0.236671	-0.127694	0.963162	0.467298	-0.884097	-0.002386	0.851833	0.449519	0.268911
02508	9.422839	-0.015917	2.618554	-0.000791	0.000574	0.008687	-0.236647	-0.127711	0.963166	0.467315	-0.884088	-0.002407	0.851830	0.449532	0.268898
02509	9.399539	-0.011618	2.613199	-0.000051	0.004291	0.005911	-0.236664	-0.127716	0.963161	0.467331	-0.884079	-0.002399	0.851817	0.449547	0.268915
02510	9.389946	-0.065385	2.605482	-0.002710	0.000986	0.006211	-0.236653	-0.127709	0.963165	0.467325	-0.884083	-0.002400	0.851823	0.449543	0.268902
02511	9.389211	-0.026716	2.643653	-0.002167	0.004847	0.005606	-0.236675	-0.127714	0.963158	0.467322	-0.884084	-0.002395	0.851819	0.449538	0.268925
02512	9.392765	-0.035883	2.621241	-0.004138	-0.000595	0.007446	-0.236641	-0.127712	0.963167	0.467307	-0.884092	-0.002414	0.851836	0.449523	0.268893
02513	9.389067	-0.028045	2.644151	-0.002855	0.006983	0.004066	-0.236689	-0.127714	0.963155	0.467295	-0.884098	-0.002396	0.851830	0.449510	0.268936
02514	9.392575	-0.037117	2.621904	-0.001751	0.000779	0.007449	-0.236670	-0.127719	0.963159	0.467300	-0.884095	-0.002408	0.851832	0.449514	0.268922
02515	9.415795	-0.042751	2.627531	0.000563	0.000079	0.005583	-0.236653	-0.127702	0.963165	0.467321	-0.884085	-0.002395	0.851826	0.449540	0.268899
02516	9.399097	-0.015965	2.614765	-0.002438	0.002915	0.005909	-0.236657	-0.127703	0.963164	0.467316	-0.884087	-0.002395	0.851827	0.449536	0.268903
02517	9.395416	-0.007996	2.637617	-0.000124	0.002216	0.004042	-0.236664	-0.127682	0.963165	0.467327	-0.884081	-0.002369	0.851819	0.449553	0.268900
02518	9.415618	-0.044262	2.628138	-0.001281	0.002566	0.004975	-0.236670	-0.127673	0.963165	0.467331	-0.884079	-0.002357	0.851815	0.449559	0.268901
02519	9.392338	-0.039829	2.622715	-0.002710	0.000985	0.006211	-0.236657	-0.127667	0.963169	0.467325	-0.884082	-0.002359	0.851822	0.449555	0.268886
02520	9.392317	-0.040470	2.622781	-0.000594	0.000428	0.006516	-0.236639	-0.127662	0.963174	0.467338	-0.884075	-0.002359	0.851820	0.449570	0.268868
02521	9.415448	-0.046027	2.628718	-0.002854	0.006982	0.004066	-0.236687	-0.127663	0.963162	0.467326	-0.884082	-0.002341	0.851813	0.449557	0.268911
02522	9.398716	-0.019303	2.616111	-0.004139	-0.000596	0.007447	-0.236654	-0.127659	0.963171	0.467310	-0.884090	-0.002358	0.851831	0.449542	0.268880
02523	9.421909	-0.025093	2.621826	-0.003595	0.003264	0.006843	-0.236657	-0.127668	0.963169	0.467298	-0.884097	-0.002369	0.851837	0.449527	0.268887
02524	9.388404	-0.034614	2.646425	-0.000322	0.002357	0.006214	-0.236660	-0.127669	0.963168	0.467313	-0.884089	-0.002363	0.851828	0.449542	0.268890
02525	9.388332	-0.035219	2.646672	-0.002438	0.002914	0.005909	-0.236665	-0.127668	0.963167	0.467308	-0.884091	-0.002362	0.851829	0.449537	0.268893
02526	9.421690	-0.026929	2.622596	-0.001281	0.002564	0.004976	-0.236670	-0.127655	0.963167	0.467311	-0.884090	-0.002347	0.851826	0.449543	0.268892
02527	9.368596	-0.039847	2.618880	-0.001751	0.000776	0.007450	-0.236649	-0.127658	0.963172	0.467316	-0.884087	-0.002358	0.851829	0.449548	0.268875
02528	9.418010	-0.019834	2.645437	-0.001751	0.000776	0.007450	-0.236628	-0.127662	0.963177	0.467321	-0.884084	-0.002370	0.851832	0.449552	0.268859
02529	9.411310	-0.042778	2.653113	-0.002852	0.006981	0.004067	-0.236676	-0.127663	0.963165	0.467309	-0.884091	-0.002352	0.851825	0.449539	0.268902
02530	9.401829	-0.032859	2.595251	-0.001826	-0.001297	0.005580	-0.236646	-0.127639	0.963175	0.467309	-0.884091	-0.002344	0.851834	0.449545	0.268864
02531	9.391540	-0.047351	2.625446	-0.003050	0.007122	0.006240	-0.236685	-0.127660	0.963163	0.467300	-0.884096	-0.002348	0.851828	0.449530	0.268908
02532	9.401677	-0.034142	2.595787	-0.000867	-0.001505	0.006819	-0.236651	-0.127648	0.963173	0.467311	-0.884090	-0.002349	0.851831	0.449545	0.268872
02533	9.391441	-0.048657	2.625774	-0.002438	0.002912	0.005910	-0.236656	-0.127647	0.963172	0.467306	-0.884092	-0.002347	0.851833	0.449541	0.268876
02534	9.417603	-0.023523	2.646856	-0.002710	0.000982	0.006212	-0.236642	-0.127643	0.963176	0.467301	-0.884095	-0.002352	0.851839	0.449537	0.268862
