// General information: 
//  MT Manager version: 2019.2.0 
//  XDA version: 2019.2.0 build 3853 rev 94535 built on 2019-09-09
// Device information: 
//  DeviceId: 00B44113
//  ProductCode: MTW2-3A7G6
//  Firmware Version: 4.3.5
//  Hardware Version: 1.1.0
// Device settings: 
//  Filter Profile: human(46.1)
//  Option Flags: Orientation Smoother Disabled, AHS Disabled, ICC Disabled
// Coordinate system: ENU
PacketCounter	Acc_X	Acc_Y	Acc_Z	Gyr_X	Gyr_Y	Gyr_Z	Mat[1][1]	Mat[2][1]	Mat[3][1]	Mat[1][2]	Mat[2][2]	Mat[3][2]	Mat[1][3]	Mat[2][3]	Mat[3][3]
02267	9.658587	-0.020213	-1.738125	0.007319	0.001365	-0.004912	-0.145269	-0.103403	0.983974	-0.585766	0.810479	-0.001309	-0.797355	-0.576569	-0.178308
02268	9.667341	0.000346	-1.727431	0.009128	0.004195	-0.003660	-0.145250	-0.103395	0.983978	-0.585788	0.810464	-0.001309	-0.797343	-0.576592	-0.178287
02269	9.636777	-0.015448	-1.727686	0.008033	0.002842	-0.002282	-0.145250	-0.103384	0.983979	-0.585798	0.810456	-0.001320	-0.797335	-0.576605	-0.178281
02270	9.661149	0.013516	-1.746563	0.007776	0.003367	-0.004086	-0.145235	-0.103384	0.983981	-0.585809	0.810448	-0.001313	-0.797330	-0.576616	-0.178269
02271	9.658810	-0.019443	-1.736894	0.005787	0.003188	-0.002307	-0.145232	-0.103371	0.983983	-0.585800	0.810455	-0.001321	-0.797337	-0.576609	-0.178259
02272	9.652519	-0.006466	-1.756577	0.005130	-0.001342	-0.002156	-0.145266	-0.103383	0.983977	-0.585787	0.810464	-0.001328	-0.797340	-0.576594	-0.178293
02273	9.630621	-0.002022	-1.746623	0.007138	0.004016	-0.001882	-0.145260	-0.103362	0.983980	-0.585791	0.810461	-0.001342	-0.797338	-0.576601	-0.178276
02274	9.665222	-0.031977	-1.716532	0.003540	0.003534	-0.002332	-0.145254	-0.103348	0.983982	-0.585766	0.810479	-0.001345	-0.797358	-0.576578	-0.178263
02275	9.646383	0.006818	-1.775420	0.010221	0.005548	-0.005041	-0.145216	-0.103343	0.983988	-0.585797	0.810457	-0.001333	-0.797342	-0.576611	-0.178229
02276	9.617611	0.023222	-1.725207	0.004435	0.002360	-0.002733	-0.145217	-0.103338	0.983988	-0.585780	0.810469	-0.001334	-0.797355	-0.576594	-0.178227
02277	9.681024	-0.022706	-1.745106	0.005072	0.001710	-0.004938	-0.145210	-0.103355	0.983988	-0.585771	0.810476	-0.001314	-0.797362	-0.576582	-0.178232
02278	9.633297	0.032145	-1.754418	0.008289	0.002318	-0.000480	-0.145224	-0.103333	0.983988	-0.585781	0.810468	-0.001343	-0.797352	-0.576596	-0.178230
02279	9.666084	-0.029856	-1.774961	0.005967	0.000536	-0.005339	-0.145224	-0.103360	0.983985	-0.585780	0.810469	-0.001320	-0.797353	-0.576590	-0.178246
02280	9.667877	0.002463	-1.724426	0.004692	0.001836	-0.000930	-0.145240	-0.103344	0.983984	-0.585762	0.810482	-0.001339	-0.797364	-0.576575	-0.178249
02281	9.622276	-0.020748	-1.755111	0.008213	0.000190	-0.005315	-0.145243	-0.103373	0.983981	-0.585778	0.810471	-0.001320	-0.797351	-0.576586	-0.178269
02282	9.661613	0.015654	-1.743974	0.006043	0.002664	-0.000505	-0.145254	-0.103349	0.983982	-0.585770	0.810476	-0.001346	-0.797355	-0.576583	-0.178264
02283	9.622337	-0.020449	-1.754777	0.007318	0.001364	-0.004915	-0.145251	-0.103367	0.983980	-0.585778	0.810471	-0.001330	-0.797350	-0.576587	-0.178272
02284	9.659284	-0.017065	-1.734278	0.005329	0.001186	-0.003135	-0.145259	-0.103373	0.983979	-0.585768	0.810478	-0.001328	-0.797355	-0.576576	-0.178282
02285	9.655392	0.029162	-1.763282	0.008669	0.002193	-0.004491	-0.145251	-0.103383	0.983979	-0.585787	0.810464	-0.001319	-0.797343	-0.576593	-0.178281
02286	9.650659	-0.036787	-1.744327	0.005071	0.001710	-0.004940	-0.145244	-0.103400	0.983978	-0.585777	0.810471	-0.001299	-0.797351	-0.576581	-0.178285
02287	9.661782	0.016952	-1.743024	0.009124	0.004196	-0.003666	-0.145225	-0.103391	0.983982	-0.585799	0.810456	-0.001299	-0.797339	-0.576604	-0.178265
02288	9.653153	-0.003096	-1.753101	0.006422	0.002538	-0.004516	-0.145213	-0.103400	0.983982	-0.585800	0.810455	-0.001286	-0.797340	-0.576603	-0.178261
02289	9.631268	0.001514	-1.743053	0.004433	0.002360	-0.002736	-0.145215	-0.103395	0.983983	-0.585782	0.810468	-0.001287	-0.797353	-0.576586	-0.178259
02290	9.666482	-0.027441	-1.772830	0.006042	0.002665	-0.000507	-0.145226	-0.103370	0.983984	-0.585774	0.810473	-0.001312	-0.797357	-0.576583	-0.178254
02291	9.659582	-0.015460	-1.732635	0.007317	0.001364	-0.004917	-0.145224	-0.103389	0.983982	-0.585781	0.810468	-0.001297	-0.797352	-0.576587	-0.178262
02292	9.637693	-0.010870	-1.722605	0.005784	0.003189	-0.002312	-0.145220	-0.103376	0.983984	-0.585774	0.810473	-0.001304	-0.797358	-0.576582	-0.178252
02293	9.631442	0.002079	-1.742091	0.005784	0.003189	-0.002312	-0.145220	-0.103362	0.983986	-0.585764	0.810480	-0.001312	-0.797365	-0.576574	-0.178244
02294	9.675354	-0.006530	-1.761414	0.008030	0.002844	-0.002288	-0.145219	-0.103351	0.983987	-0.585775	0.810473	-0.001324	-0.797358	-0.576587	-0.178237
02295	9.653464	-0.001941	-1.751387	0.005071	0.001709	-0.004941	-0.145213	-0.103369	0.983986	-0.585766	0.810479	-0.001304	-0.797366	-0.576574	-0.178242
02296	9.640239	0.022817	-1.731061	0.007193	0.000968	0.000896	-0.145246	-0.103343	0.983984	-0.585765	0.810480	-0.001345	-0.797360	-0.576578	-0.178254
02297	9.651153	-0.034754	-1.741631	0.005906	0.003585	-0.008127	-0.145207	-0.103374	0.983986	-0.585766	0.810479	-0.001295	-0.797366	-0.576574	-0.178241
02298	9.647278	0.011580	-1.770527	0.008029	0.002844	-0.002289	-0.145206	-0.103363	0.983987	-0.585776	0.810472	-0.001306	-0.797359	-0.576586	-0.178234
02299	9.651260	-0.034360	-1.741050	0.006040	0.002666	-0.000509	-0.145218	-0.103338	0.983988	-0.585768	0.810478	-0.001332	-0.797363	-0.576582	-0.178228
02300	9.662348	0.019259	-1.739863	0.005070	0.001709	-0.004942	-0.145211	-0.103355	0.983988	-0.585759	0.810485	-0.001312	-0.797371	-0.576570	-0.178232
02301	9.660664	-0.012665	-1.790004	0.005783	0.003189	-0.002314	-0.145207	-0.103343	0.983989	-0.585752	0.810489	-0.001319	-0.797377	-0.576565	-0.178222
02302	9.623148	-0.016658	-1.750364	0.008924	0.001670	-0.002690	-0.145214	-0.103341	0.983989	-0.585770	0.810476	-0.001328	-0.797362	-0.576584	-0.178227
02303	9.632508	0.004821	-1.799568	0.006420	0.002538	-0.004519	-0.145205	-0.103350	0.983989	-0.585770	0.810476	-0.001316	-0.797364	-0.576582	-0.178225
02304	9.682090	-0.017382	-1.739245	0.009121	0.004197	-0.003672	-0.145186	-0.103342	0.983993	-0.585791	0.810461	-0.001315	-0.797352	-0.576605	-0.178204
02305	9.623281	-0.016043	-1.749640	0.004234	-0.000167	-0.001757	-0.145213	-0.103344	0.983988	-0.585770	0.810476	-0.001325	-0.797362	-0.576583	-0.178228
02306	9.682155	-0.017104	-1.738885	0.003537	0.003534	-0.002339	-0.145207	-0.103329	0.983991	-0.585745	0.810494	-0.001328	-0.797382	-0.576561	-0.178214
02307	9.653939	0.000335	-1.748771	0.009106	-0.000985	-0.005720	-0.145218	-0.103368	0.983985	-0.585768	0.810477	-0.001308	-0.797363	-0.576577	-0.178246
02308	9.632044	0.004782	-1.738757	0.007845	0.005500	0.000737	-0.145214	-0.103317	0.983991	-0.585773	0.810474	-0.001349	-0.797360	-0.576591	-0.178212
02309	9.660346	-0.012284	-1.728396	0.005070	0.001708	-0.004944	-0.145207	-0.103333	0.983991	-0.585764	0.810481	-0.001329	-0.797368	-0.576579	-0.178216
02310	9.654062	0.000727	-1.748091	0.005584	0.000663	-0.001334	-0.145229	-0.103327	0.983988	-0.585753	0.810488	-0.001345	-0.797372	-0.576570	-0.178230
02311	9.654097	0.000873	-1.747896	0.007770	0.003367	-0.004097	-0.145213	-0.103328	0.983990	-0.585765	0.810480	-0.001337	-0.797366	-0.576582	-0.178218
02312	9.629880	-0.027595	-1.728218	0.007967	0.005894	-0.005080	-0.145172	-0.103322	0.983997	-0.585780	0.810469	-0.001321	-0.797363	-0.576597	-0.178181
02313	9.676179	-0.003017	-1.756884	0.006934	0.001493	-0.000911	-0.145192	-0.103307	0.983995	-0.585779	0.810470	-0.001345	-0.797360	-0.576599	-0.178188
02314	9.626031	0.018616	-1.756954	0.000836	0.001874	-0.003187	-0.145194	-0.103309	0.983995	-0.585733	0.810503	-0.001334	-0.797393	-0.576552	-0.178191
02315	9.667567	-0.022941	-1.766968	0.011805	0.000675	-0.004874	-0.145196	-0.103330	0.983992	-0.585776	0.810472	-0.001327	-0.797361	-0.576592	-0.178206
02316	9.669307	0.009540	-1.716370	0.006874	0.004542	-0.003699	-0.145173	-0.103321	0.983997	-0.585780	0.810469	-0.001322	-0.797362	-0.576597	-0.178182
02317	9.652039	-0.030937	-1.736789	0.006676	0.002016	-0.002717	-0.145177	-0.103318	0.983996	-0.585780	0.810469	-0.001327	-0.797361	-0.576598	-0.178183
02318	9.670081	0.010845	-1.775569	0.005523	0.003712	-0.004123	-0.145159	-0.103317	0.983999	-0.585773	0.810474	-0.001316	-0.797370	-0.576591	-0.178168
02319	9.632558	0.006989	-1.735900	0.006676	0.002016	-0.002717	-0.145164	-0.103314	0.983999	-0.585774	0.810473	-0.001321	-0.797368	-0.576593	-0.178170
02320	9.676483	-0.001515	-1.755213	0.007768	0.003368	-0.004100	-0.145148	-0.103315	0.984001	-0.585785	0.810465	-0.001314	-0.797363	-0.576604	-0.178158
02321	9.638937	-0.005344	-1.715658	0.006221	0.000011	-0.003540	-0.145162	-0.103330	0.983997	-0.585785	0.810466	-0.001309	-0.797361	-0.576601	-0.178178
02322	9.624002	-0.012676	-1.745696	0.010013	0.003024	-0.004077	-0.145150	-0.103333	0.983999	-0.585814	0.810445	-0.001306	-0.797342	-0.576630	-0.178170
02323	9.704841	-0.017984	-1.744544	0.003535	0.003534	-0.002343	-0.145144	-0.103319	0.984001	-0.585790	0.810462	-0.001309	-0.797360	-0.576608	-0.178157
02324	9.615451	-0.032741	-1.755480	0.004687	0.001838	-0.000936	-0.145160	-0.103303	0.984001	-0.585772	0.810475	-0.001327	-0.797370	-0.576593	-0.178160
02325	9.685344	0.019713	-1.743714	0.007768	0.003368	-0.004101	-0.145144	-0.103304	0.984003	-0.585784	0.810466	-0.001320	-0.797365	-0.576604	-0.178148
02326	9.615546	-0.032407	-1.754967	0.006675	0.002016	-0.002719	-0.145148	-0.103301	0.984003	-0.585784	0.810466	-0.001324	-0.797364	-0.576605	-0.178149
02327	9.689378	-0.025829	-1.713962	0.006675	0.002016	-0.002719	-0.145150	-0.103299	0.984002	-0.585786	0.810465	-0.001328	-0.797362	-0.576608	-0.178150
02328	9.626628	0.021314	-1.753653	0.008025	0.002846	-0.002297	-0.145150	-0.103288	0.984004	-0.585797	0.810457	-0.001339	-0.797354	-0.576620	-0.178143
02329	9.652577	-0.028686	-1.733835	0.001927	0.003225	-0.004572	-0.145132	-0.103293	0.984006	-0.585762	0.810482	-0.001317	-0.797383	-0.576584	-0.178132
02330	9.676886	0.000411	-1.752989	0.007116	-0.001163	-0.003940	-0.145154	-0.103319	0.984000	-0.585768	0.810478	-0.001310	-0.797375	-0.576586	-0.178165
02331	9.618082	0.001684	-1.763423	0.006233	0.005195	-0.001499	-0.145138	-0.103288	0.984005	-0.585764	0.810481	-0.001325	-0.797380	-0.576587	-0.178134
02332	9.639407	-0.003444	-1.713020	0.008024	0.002847	-0.002297	-0.145138	-0.103277	0.984007	-0.585774	0.810473	-0.001336	-0.797373	-0.576600	-0.178127
02333	9.648788	0.017849	-1.762228	0.006674	0.002016	-0.002720	-0.145142	-0.103274	0.984006	-0.585774	0.810473	-0.001341	-0.797372	-0.576600	-0.178129
02334	9.652780	-0.027885	-1.732714	0.006674	0.002016	-0.002720	-0.145145	-0.103271	0.984006	-0.585775	0.810473	-0.001345	-0.797371	-0.576601	-0.178130
02335	9.661452	-0.007375	-1.722227	0.007570	0.000842	-0.003119	-0.145155	-0.103278	0.984004	-0.585783	0.810467	-0.001347	-0.797363	-0.576608	-0.178142
02336	9.640249	-0.002001	-1.771986	0.006871	0.004542	-0.003706	-0.145133	-0.103269	0.984008	-0.585786	0.810464	-0.001343	-0.797365	-0.576613	-0.178119
02337	9.655273	0.005809	-1.741381	0.009115	0.004198	-0.003683	-0.145114	-0.103261	0.984012	-0.585807	0.810449	-0.001343	-0.797353	-0.576636	-0.178099
02338	9.649024	0.018812	-1.760927	0.000835	0.001872	-0.003190	-0.145116	-0.103263	0.984011	-0.585762	0.810482	-0.001332	-0.797386	-0.576590	-0.178102
02339	9.653025	-0.026871	-1.731365	0.008023	0.002847	-0.002299	-0.145115	-0.103252	0.984013	-0.585773	0.810474	-0.001343	-0.797378	-0.576603	-0.178094
02340	9.671041	0.014892	-1.770308	0.005963	0.000532	-0.005348	-0.145115	-0.103279	0.984010	-0.585771	0.810475	-0.001320	-0.797379	-0.576596	-0.178110
02341	9.609899	-0.016784	-1.771266	0.007765	0.003368	-0.004106	-0.145100	-0.103280	0.984012	-0.585783	0.810467	-0.001313	-0.797373	-0.576608	-0.178099
02342	9.699371	-0.001675	-1.759786	0.006673	0.002017	-0.002722	-0.145104	-0.103278	0.984011	-0.585783	0.810467	-0.001317	-0.797372	-0.576609	-0.178100
02343	9.640570	-0.000433	-1.770239	0.006673	0.002017	-0.002722	-0.145107	-0.103276	0.984011	-0.585785	0.810465	-0.001322	-0.797370	-0.576611	-0.178102
02344	9.653224	-0.025708	-1.730274	0.005520	0.003711	-0.004130	-0.145089	-0.103274	0.984014	-0.585778	0.810470	-0.001310	-0.797379	-0.576604	-0.178086
02345	9.627342	0.024770	-1.749681	0.006220	0.000012	-0.003543	-0.145106	-0.103290	0.984010	-0.585775	0.810473	-0.001307	-0.797378	-0.576598	-0.178109
02346	9.644655	-0.045533	-1.740247	0.005520	0.003711	-0.004131	-0.145088	-0.103289	0.984013	-0.585768	0.810477	-0.001295	-0.797386	-0.576592	-0.178094
02347	9.670584	0.015907	-1.709109	0.009103	-0.000985	-0.005725	-0.145096	-0.103327	0.984007	-0.585793	0.810460	-0.001274	-0.797367	-0.576609	-0.178123
02348	9.653335	-0.024561	-1.729670	0.005777	0.003191	-0.002325	-0.145093	-0.103314	0.984009	-0.585785	0.810465	-0.001281	-0.797373	-0.576604	-0.178113
02349	9.653393	-0.024368	-1.729352	0.007764	0.003368	-0.004108	-0.145074	-0.103315	0.984012	-0.585798	0.810456	-0.001272	-0.797367	-0.576616	-0.178098
02350	9.633816	0.013416	-1.728863	0.005066	0.001706	-0.004952	-0.145067	-0.103332	0.984011	-0.585788	0.810463	-0.001252	-0.797375	-0.576604	-0.178103
02351	9.647176	-0.011067	-1.748735	0.008021	0.002848	-0.002302	-0.145066	-0.103320	0.984013	-0.585799	0.810456	-0.001263	-0.797368	-0.576617	-0.178095
02352	9.647206	-0.010820	-1.748571	0.005962	0.000532	-0.005351	-0.145066	-0.103347	0.984010	-0.585797	0.810457	-0.001241	-0.797369	-0.576610	-0.178111
02353	9.684149	-0.007322	-1.727816	0.005333	0.006371	-0.001108	-0.145045	-0.103307	0.984017	-0.585785	0.810466	-0.001259	-0.797382	-0.576605	-0.178069
02354	9.653649	-0.023293	-1.727938	0.008021	0.002849	-0.002303	-0.145044	-0.103296	0.984018	-0.585795	0.810458	-0.001270	-0.797375	-0.576617	-0.178062
02355	9.627757	0.027110	-1.747362	0.007311	0.001363	-0.004930	-0.145038	-0.103314	0.984017	-0.585803	0.810452	-0.001253	-0.797370	-0.576622	-0.178068
02356	9.682707	-0.039305	-1.777189	0.007381	0.003503	-0.000098	-0.145046	-0.103281	0.984020	-0.585806	0.810451	-0.001285	-0.797367	-0.576631	-0.178055
02357	9.625537	-0.005788	-1.737249	0.005518	0.003711	-0.004134	-0.145026	-0.103280	0.984023	-0.585799	0.810455	-0.001273	-0.797375	-0.576624	-0.178039
02358	9.675806	-0.027004	-1.736566	0.005776	0.003191	-0.002327	-0.145023	-0.103267	0.984025	-0.585792	0.810461	-0.001280	-0.797381	-0.576619	-0.178028
02359	9.671881	0.018928	-1.765671	0.008020	0.002849	-0.002304	-0.145023	-0.103256	0.984026	-0.585802	0.810453	-0.001291	-0.797373	-0.576632	-0.178022
02360	9.647674	-0.009763	-1.745990	0.006228	0.005197	-0.001508	-0.145008	-0.103225	0.984031	-0.585797	0.810457	-0.001307	-0.797380	-0.576632	-0.177992
02361	9.640688	0.002447	-1.705798	0.008206	0.000188	-0.005329	-0.145012	-0.103254	0.984027	-0.585813	0.810445	-0.001289	-0.797367	-0.576643	-0.178012
02362	9.669667	-0.013666	-1.755535	0.005128	-0.001339	-0.002159	-0.145046	-0.103266	0.984021	-0.585800	0.810454	-0.001296	-0.797371	-0.576628	-0.178046
02363	9.654024	-0.022003	-1.725856	0.006032	0.002672	-0.000521	-0.145057	-0.103241	0.984022	-0.585792	0.810460	-0.001322	-0.797374	-0.576624	-0.178041
02364	9.663422	-0.000659	-1.775097	0.004808	0.002224	-0.006762	-0.145035	-0.103270	0.984022	-0.585783	0.810467	-0.001283	-0.797385	-0.576610	-0.178040
02365	9.639186	-0.029050	-1.755592	0.006671	0.002017	-0.002726	-0.145041	-0.103267	0.984022	-0.585782	0.810467	-0.001289	-0.797384	-0.576610	-0.178043
02366	9.628183	0.028970	-1.744984	0.006219	0.000012	-0.003545	-0.145056	-0.103282	0.984018	-0.585780	0.810469	-0.001285	-0.797383	-0.576605	-0.178064
02367	9.645520	-0.041475	-1.735551	0.006928	0.001499	-0.000920	-0.145074	-0.103268	0.984017	-0.585781	0.810468	-0.001307	-0.797379	-0.576608	-0.178070
02368	9.641576	0.004381	-1.764747	0.005774	0.003192	-0.002329	-0.145070	-0.103255	0.984019	-0.585774	0.810473	-0.001314	-0.797385	-0.576603	-0.178060
02369	9.676205	-0.025193	-1.734367	0.004621	0.004884	-0.003739	-0.145044	-0.103244	0.984024	-0.585759	0.810484	-0.001304	-0.797401	-0.576590	-0.178032
02370	9.656616	0.012570	-1.733878	0.007309	0.001362	-0.004933	-0.145040	-0.103263	0.984022	-0.585768	0.810478	-0.001288	-0.797395	-0.576596	-0.178040
02371	9.639442	-0.027766	-1.754209	0.003015	0.004571	-0.005968	-0.145003	-0.103270	0.984027	-0.585743	0.810496	-0.001254	-0.797420	-0.576569	-0.178014
02372	9.648115	-0.007166	-1.743567	0.008275	0.002331	-0.000499	-0.145017	-0.103248	0.984027	-0.585753	0.810489	-0.001284	-0.797410	-0.576583	-0.178012
02373	9.648157	-0.007051	-1.743332	0.006413	0.002536	-0.004535	-0.145005	-0.103257	0.984028	-0.585755	0.810487	-0.001269	-0.797411	-0.576583	-0.178008
02374	9.648197	-0.006815	-1.743112	0.006670	0.002018	-0.002728	-0.145009	-0.103254	0.984028	-0.585755	0.810487	-0.001274	-0.797410	-0.576584	-0.178009
02375	9.648255	-0.006622	-1.742795	0.006864	0.004543	-0.003718	-0.144987	-0.103245	0.984032	-0.585759	0.810485	-0.001269	-0.797412	-0.576589	-0.177986
02376	9.654609	-0.019009	-1.722618	0.005065	0.001704	-0.004957	-0.144980	-0.103262	0.984031	-0.585750	0.810491	-0.001249	-0.797420	-0.576577	-0.177990
02377	9.648352	-0.006193	-1.742258	0.009622	0.003164	-0.000080	-0.144990	-0.103231	0.984033	-0.585770	0.810476	-0.001285	-0.797403	-0.576604	-0.177981
02378	9.678955	0.009738	-1.741502	0.001348	0.000832	0.000420	-0.145021	-0.103210	0.984031	-0.585724	0.810510	-0.001311	-0.797431	-0.576560	-0.177994
02379	9.631196	-0.046881	-1.762549	0.009296	0.001539	-0.006719	-0.145172	-0.103405	0.983988	-0.585786	0.810464	-0.001254	-0.797358	-0.576589	-0.178230
02380	9.628805	0.031709	-1.741501	0.006863	0.004543	-0.003719	-0.145150	-0.103396	0.983992	-0.585790	0.810462	-0.001249	-0.797359	-0.576594	-0.178206
02381	9.661887	-0.030294	-1.761315	0.005773	0.003192	-0.002332	-0.145147	-0.103383	0.983994	-0.585783	0.810467	-0.001256	-0.797365	-0.576590	-0.178197
02382	9.657181	0.015073	-1.730710	0.006412	0.002536	-0.004537	-0.145135	-0.103392	0.983995	-0.585784	0.810466	-0.001242	-0.797366	-0.576589	-0.178193
02383	9.640027	-0.025496	-1.751025	0.005772	0.003192	-0.002332	-0.145133	-0.103380	0.983996	-0.585777	0.810471	-0.001249	-0.797372	-0.576584	-0.178184
02384	9.633030	-0.013257	-1.710740	0.006863	0.004543	-0.003720	-0.145110	-0.103371	0.984001	-0.585781	0.810469	-0.001244	-0.797373	-0.576589	-0.178160
02385	9.664406	0.003348	-1.769730	0.007440	0.000465	0.002694	-0.145159	-0.103333	0.983997	-0.585778	0.810470	-0.001304	-0.797366	-0.576594	-0.178178
02386	9.648765	-0.004832	-1.739975	0.006794	0.002398	-0.008552	-0.145126	-0.103375	0.983998	-0.585788	0.810463	-0.001251	-0.797365	-0.576596	-0.178175
02387	9.668494	-0.041964	-1.739752	0.004236	0.005022	0.000269	-0.145123	-0.103332	0.984003	-0.585766	0.810479	-0.001280	-0.797381	-0.576581	-0.178148
02388	9.651171	0.028747	-1.748986	0.004613	-0.000303	-0.005776	-0.145127	-0.103368	0.983999	-0.585755	0.810487	-0.001251	-0.797389	-0.576563	-0.178172
02389	9.684232	-0.033070	-1.768988	0.007759	0.003369	-0.004119	-0.145113	-0.103369	0.984001	-0.585766	0.810479	-0.001244	-0.797384	-0.576574	-0.178161
02390	9.629276	0.033669	-1.738854	0.006668	0.002018	-0.002731	-0.145116	-0.103366	0.984000	-0.585766	0.810479	-0.001248	-0.797383	-0.576575	-0.178162
02391	9.668659	-0.041062	-1.738853	0.005772	0.003192	-0.002334	-0.145114	-0.103354	0.984002	-0.585760	0.810484	-0.001255	-0.797388	-0.576571	-0.178153
02392	9.664717	0.004895	-1.768030	0.007758	0.003369	-0.004120	-0.145098	-0.103355	0.984004	-0.585771	0.810476	-0.001248	-0.797382	-0.576582	-0.178141
02393	9.649080	-0.003498	-1.738227	0.007439	0.000466	0.002693	-0.145147	-0.103317	0.984001	-0.585769	0.810477	-0.001307	-0.797375	-0.576587	-0.178158
02394	9.662480	-0.028096	-1.758097	0.006793	0.002396	-0.008554	-0.145114	-0.103360	0.984001	-0.585779	0.810470	-0.001255	-0.797374	-0.576590	-0.178156
02395	9.642853	0.009661	-1.757738	0.006028	0.002675	-0.000527	-0.145126	-0.103335	0.984002	-0.585770	0.810476	-0.001280	-0.797378	-0.576585	-0.178151
02396	9.646891	-0.035946	-1.728035	0.007307	0.001362	-0.004938	-0.145122	-0.103354	0.984001	-0.585779	0.810470	-0.001264	-0.797372	-0.576590	-0.178159
02397	9.649230	-0.002469	-1.737396	0.007500	0.003886	-0.005930	-0.145093	-0.103366	0.984004	-0.585790	0.810462	-0.001239	-0.797370	-0.576599	-0.178143
02398	9.654059	-0.047234	-1.767476	0.008204	0.000188	-0.005335	-0.145096	-0.103395	0.984000	-0.585806	0.810450	-0.001221	-0.797357	-0.576611	-0.178163
02399	9.649285	-0.001802	-1.737092	0.006667	0.002019	-0.002733	-0.145100	-0.103393	0.984000	-0.585809	0.810448	-0.001225	-0.797355	-0.576614	-0.178164
02400	9.643045	0.011057	-1.756675	0.006860	0.004543	-0.003726	-0.145077	-0.103384	0.984004	-0.585812	0.810446	-0.001220	-0.797356	-0.576619	-0.178141
02401	9.655679	-0.014034	-1.716655	0.006217	0.000012	-0.003549	-0.145093	-0.103399	0.984000	-0.585809	0.810448	-0.001217	-0.797356	-0.576613	-0.178162
02402	9.679961	0.014858	-1.735863	0.008014	0.002852	-0.002314	-0.145093	-0.103388	0.984002	-0.585819	0.810441	-0.001228	-0.797348	-0.576625	-0.178156
02403	9.618900	-0.017265	-1.736705	0.006027	0.002676	-0.000528	-0.145104	-0.103363	0.984002	-0.585810	0.810448	-0.001254	-0.797353	-0.576620	-0.178150
02404	9.677768	-0.018066	-1.725712	0.006410	0.002536	-0.004543	-0.145093	-0.103372	0.984003	-0.585811	0.810447	-0.001240	-0.797354	-0.576620	-0.178147
02405	9.650346	-0.000284	-1.795417	0.005770	0.003193	-0.002338	-0.145089	-0.103359	0.984005	-0.585805	0.810451	-0.001246	-0.797359	-0.576616	-0.178136
02406	9.641029	-0.021038	-1.745559	0.005513	0.003710	-0.004147	-0.145071	-0.103358	0.984008	-0.585798	0.810456	-0.001234	-0.797368	-0.576609	-0.178121
02407	9.658246	0.019997	-1.724705	0.008013	0.002853	-0.002315	-0.145073	-0.103347	0.984009	-0.585809	0.810448	-0.001247	-0.797360	-0.576622	-0.178116
02408	9.647444	-0.033283	-1.725000	0.003269	0.004050	-0.004170	-0.145052	-0.103345	0.984012	-0.585784	0.810466	-0.001231	-0.797381	-0.576597	-0.178097
02409	9.671715	-0.004242	-1.744270	0.008010	-0.002336	-0.004343	-0.145081	-0.103380	0.984004	-0.585797	0.810457	-0.001222	-0.797367	-0.576604	-0.178142
02410	9.643448	0.012868	-1.754450	0.006026	0.002677	-0.000530	-0.145092	-0.103356	0.984005	-0.585789	0.810463	-0.001247	-0.797370	-0.576600	-0.178137
02411	9.641239	-0.020076	-1.744407	0.010191	0.005553	-0.005097	-0.145054	-0.103351	0.984011	-0.585819	0.810441	-0.001235	-0.797355	-0.576632	-0.178103
02412	9.643575	0.013238	-1.753747	0.007563	0.000845	-0.003132	-0.145065	-0.103359	0.984009	-0.585827	0.810435	-0.001237	-0.797347	-0.576639	-0.178116
02413	9.663311	-0.023944	-1.753585	0.005512	0.003709	-0.004149	-0.145046	-0.103359	0.984011	-0.585822	0.810439	-0.001225	-0.797355	-0.576633	-0.178101
02414	9.643667	0.013579	-1.753237	0.008269	0.002337	-0.000508	-0.145060	-0.103336	0.984012	-0.585832	0.810432	-0.001254	-0.797345	-0.576647	-0.178099
02415	9.685387	-0.028051	-1.762745	0.004165	0.002875	-0.004568	-0.145048	-0.103344	0.984013	-0.585814	0.810445	-0.001237	-0.797360	-0.576628	-0.178093
02416	9.619506	-0.014873	-1.733372	0.008268	0.002337	-0.000508	-0.145062	-0.103321	0.984013	-0.585824	0.810437	-0.001266	-0.797350	-0.576642	-0.178092
02417	9.657204	-0.010881	-1.772472	0.004422	0.002359	-0.002759	-0.145063	-0.103317	0.984013	-0.585807	0.810450	-0.001266	-0.797363	-0.576625	-0.178090
02418	9.650125	0.001458	-1.732423	0.005319	0.001186	-0.003155	-0.145071	-0.103323	0.984012	-0.585797	0.810457	-0.001264	-0.797368	-0.576614	-0.178099
02419	9.663554	-0.023040	-1.752259	0.007305	0.001361	-0.004942	-0.145067	-0.103342	0.984010	-0.585805	0.810451	-0.001247	-0.797363	-0.576619	-0.178108
02420	9.674433	0.030678	-1.751467	0.008011	0.002853	-0.002319	-0.145067	-0.103331	0.984011	-0.585815	0.810444	-0.001258	-0.797356	-0.576632	-0.178101
02421	9.625978	-0.026626	-1.712475	0.004422	0.002359	-0.002760	-0.145068	-0.103327	0.984012	-0.585798	0.810456	-0.001258	-0.797368	-0.576615	-0.178100
02422	9.635396	-0.005649	-1.761848	0.009165	0.001164	-0.000906	-0.145089	-0.103315	0.984010	-0.585816	0.810443	-0.001285	-0.797351	-0.576635	-0.178109
02423	9.650291	0.002282	-1.731498	0.006408	0.002535	-0.004547	-0.145079	-0.103324	0.984010	-0.585817	0.810443	-0.001272	-0.797353	-0.576634	-0.178107
02424	9.641775	-0.017928	-1.741470	0.005767	0.003193	-0.002342	-0.145075	-0.103312	0.984012	-0.585809	0.810448	-0.001278	-0.797359	-0.576629	-0.178097
02425	9.672359	-0.001791	-1.740695	0.006921	0.001504	-0.000928	-0.145093	-0.103298	0.984011	-0.585809	0.810448	-0.001300	-0.797355	-0.576632	-0.178103
02426	9.656724	-0.009793	-1.710802	0.009482	0.004060	-0.007727	-0.145051	-0.103324	0.984014	-0.585840	0.810426	-0.001260	-0.797341	-0.576657	-0.178085
02427	9.629335	0.007905	-1.780499	0.006024	0.002678	-0.000533	-0.145062	-0.103300	0.984015	-0.585833	0.810431	-0.001285	-0.797344	-0.576655	-0.178080
02428	9.672497	-0.001191	-1.739929	0.007561	0.000846	-0.003135	-0.145073	-0.103308	0.984013	-0.585841	0.810425	-0.001287	-0.797336	-0.576662	-0.178093
02429	9.657679	-0.008794	-1.769895	0.007753	0.003369	-0.004131	-0.145059	-0.103309	0.984015	-0.585852	0.810417	-0.001281	-0.797330	-0.576673	-0.178082
02430	9.650603	0.003602	-1.729753	0.004421	0.002359	-0.002761	-0.145060	-0.103304	0.984015	-0.585835	0.810430	-0.001281	-0.797343	-0.576656	-0.178080
02431	9.654660	-0.041896	-1.699977	0.007561	0.000846	-0.003135	-0.145071	-0.103313	0.984013	-0.585844	0.810423	-0.001282	-0.797334	-0.576664	-0.178094
02432	9.644352	0.016640	-1.749440	0.009546	0.001021	-0.004923	-0.145069	-0.103334	0.984011	-0.585871	0.810404	-0.001270	-0.797314	-0.576687	-0.178105
02433	9.649270	-0.028304	-1.779323	0.004612	0.004882	-0.003759	-0.145043	-0.103323	0.984016	-0.585857	0.810413	-0.001260	-0.797329	-0.576676	-0.178077
02434	9.659319	0.024882	-1.718623	0.006023	0.002679	-0.000534	-0.145054	-0.103299	0.984017	-0.585849	0.810419	-0.001285	-0.797333	-0.576672	-0.178072
02435	9.670499	-0.032799	-1.728769	0.009098	-0.000987	-0.005737	-0.145063	-0.103338	0.984011	-0.585874	0.810401	-0.001264	-0.797314	-0.576690	-0.178102
02436	9.635935	-0.003028	-1.758905	0.004677	0.001845	-0.000953	-0.145078	-0.103322	0.984011	-0.585856	0.810414	-0.001282	-0.797324	-0.576674	-0.178105
02437	9.679106	-0.012076	-1.718248	0.005766	0.003194	-0.002345	-0.145075	-0.103309	0.984012	-0.585848	0.810420	-0.001289	-0.797330	-0.576669	-0.178095
02438	9.614048	0.001422	-1.748690	0.006022	0.002679	-0.000535	-0.145086	-0.103285	0.984013	-0.585841	0.810425	-0.001314	-0.797334	-0.576666	-0.178090
02439	9.664332	-0.019790	-1.748000	0.006214	0.000011	-0.003554	-0.145102	-0.103299	0.984010	-0.585837	0.810428	-0.001310	-0.797333	-0.576659	-0.178111
02440	9.658061	-0.006904	-1.767815	0.006406	0.002534	-0.004551	-0.145091	-0.103308	0.984010	-0.585838	0.810427	-0.001296	-0.797335	-0.576659	-0.178107
02441	9.657254	-0.007093	-1.707816	0.008905	0.001681	-0.002719	-0.145097	-0.103307	0.984009	-0.585856	0.810414	-0.001305	-0.797320	-0.576677	-0.178112
02442	9.682365	0.022178	-1.786873	0.005317	0.001185	-0.003159	-0.145105	-0.103313	0.984008	-0.585847	0.810421	-0.001303	-0.797326	-0.576667	-0.178121
02443	9.629034	0.010167	-1.717738	0.008008	0.002855	-0.002325	-0.145104	-0.103303	0.984009	-0.585858	0.810413	-0.001313	-0.797318	-0.576680	-0.178115
02444	9.664502	-0.018776	-1.747073	0.006405	0.002534	-0.004553	-0.145093	-0.103312	0.984010	-0.585859	0.810412	-0.001299	-0.797319	-0.576679	-0.178111
02445	9.659655	0.026743	-1.716705	0.004419	0.002359	-0.002764	-0.145095	-0.103308	0.984010	-0.585840	0.810425	-0.001300	-0.797332	-0.576661	-0.178110
02446	9.646640	-0.059649	-1.707272	0.006662	0.002020	-0.002743	-0.145098	-0.103305	0.984009	-0.585841	0.810425	-0.001304	-0.797331	-0.576662	-0.178111
02447	9.660600	0.027494	-1.775975	0.006853	0.004543	-0.003741	-0.145075	-0.103296	0.984014	-0.585844	0.810423	-0.001299	-0.797333	-0.576667	-0.178087
02448	9.656138	-0.038373	-1.756303	0.006214	0.000011	-0.003555	-0.145090	-0.103312	0.984010	-0.585842	0.810424	-0.001294	-0.797332	-0.576662	-0.178108
02449	9.673284	0.002742	-1.735546	0.007300	0.006552	-0.002929	-0.145055	-0.103284	0.984018	-0.585847	0.810421	-0.001297	-0.797335	-0.576672	-0.178065
02450	9.620848	-0.008904	-1.725950	0.008007	0.002855	-0.002326	-0.145055	-0.103274	0.984019	-0.585857	0.810413	-0.001308	-0.797327	-0.576684	-0.178058
02451	9.664892	-0.017605	-1.744926	0.004226	0.005028	0.000252	-0.145052	-0.103230	0.984024	-0.585835	0.810429	-0.001337	-0.797344	-0.576669	-0.178030
02452	9.658664	-0.004781	-1.764527	0.004803	0.002213	-0.006782	-0.145031	-0.103259	0.984024	-0.585826	0.810436	-0.001298	-0.797354	-0.576655	-0.178030
02453	9.628162	-0.020529	-1.764917	0.007559	0.000847	-0.003139	-0.145042	-0.103267	0.984022	-0.585834	0.810430	-0.001301	-0.797346	-0.576662	-0.178044
02454	9.679836	-0.009044	-1.714146	0.006918	0.001507	-0.000933	-0.145061	-0.103253	0.984021	-0.585834	0.810430	-0.001324	-0.797343	-0.576665	-0.178050
02455	9.643043	-0.012398	-1.734481	0.005059	0.001699	-0.004972	-0.145054	-0.103270	0.984020	-0.585825	0.810436	-0.001303	-0.797351	-0.576653	-0.178055
02456	9.636791	0.000421	-1.754215	0.008006	0.002856	-0.002328	-0.145053	-0.103260	0.984021	-0.585836	0.810429	-0.001314	-0.797343	-0.576665	-0.178049
02457	9.665133	-0.016432	-1.743601	0.007108	0.004030	-0.001933	-0.145045	-0.103239	0.984024	-0.585839	0.810427	-0.001327	-0.797343	-0.576672	-0.178029
02458	9.629734	0.012868	-1.713794	0.005316	0.001185	-0.003161	-0.145053	-0.103244	0.984023	-0.585829	0.810434	-0.001325	-0.797348	-0.576661	-0.178039
02459	9.665215	-0.016145	-1.743151	0.008005	0.002856	-0.002328	-0.145051	-0.103234	0.984024	-0.585839	0.810427	-0.001335	-0.797341	-0.576673	-0.178032
02460	9.621267	-0.007112	-1.723620	0.005700	0.001038	-0.007178	-0.145037	-0.103273	0.984022	-0.585838	0.810427	-0.001294	-0.797344	-0.576665	-0.178043
02461	9.643278	-0.011055	-1.733183	0.005316	0.001185	-0.003162	-0.145045	-0.103279	0.984020	-0.585829	0.810433	-0.001292	-0.797349	-0.576655	-0.178053
02462	9.673828	0.005232	-1.732510	0.008902	0.001683	-0.002724	-0.145051	-0.103278	0.984019	-0.585848	0.810420	-0.001300	-0.797335	-0.576674	-0.178057
02463	9.621358	-0.006342	-1.723114	0.005506	0.003708	-0.004162	-0.145032	-0.103278	0.984022	-0.585841	0.810425	-0.001287	-0.797343	-0.576668	-0.178041
02464	9.687383	-0.019172	-1.751859	0.008902	0.001683	-0.002724	-0.145038	-0.103277	0.984021	-0.585860	0.810411	-0.001296	-0.797328	-0.576686	-0.178046
02465	9.659133	-0.002110	-1.761958	0.004418	0.002359	-0.002768	-0.145038	-0.103273	0.984022	-0.585843	0.810423	-0.001295	-0.797340	-0.576670	-0.178045
02466	9.665451	-0.014516	-1.741855	0.009799	0.000509	-0.003119	-0.145052	-0.103283	0.984019	-0.585869	0.810404	-0.001302	-0.797319	-0.576695	-0.178061
02467	9.643471	-0.010067	-1.732114	0.003330	0.001010	-0.001373	-0.145071	-0.103275	0.984017	-0.585842	0.810424	-0.001313	-0.797335	-0.576669	-0.178072
02468	9.656973	-0.034600	-1.751781	0.006146	0.003046	-0.006369	-0.145045	-0.103296	0.984018	-0.585844	0.810423	-0.001281	-0.797339	-0.576667	-0.178064
02469	9.645774	0.023604	-1.741501	0.007557	0.000847	-0.003142	-0.145055	-0.103304	0.984016	-0.585852	0.810417	-0.001282	-0.797331	-0.576674	-0.178076
02470	9.650745	-0.021521	-1.771402	0.004417	0.002359	-0.002769	-0.145056	-0.103299	0.984016	-0.585835	0.810429	-0.001282	-0.797343	-0.576657	-0.178074
02471	9.637322	0.003442	-1.751291	0.008003	0.002857	-0.002331	-0.145054	-0.103288	0.984018	-0.585846	0.810422	-0.001292	-0.797336	-0.576670	-0.178066
02472	9.659342	-0.000744	-1.760816	0.006212	0.000011	-0.003558	-0.145068	-0.103304	0.984014	-0.585844	0.810423	-0.001288	-0.797335	-0.576665	-0.178087
02473	9.649967	-0.021360	-1.711017	0.007105	0.004031	-0.001938	-0.145060	-0.103284	0.984017	-0.585847	0.810421	-0.001300	-0.797334	-0.576672	-0.178068
02474	9.667946	0.020025	-1.750179	0.005315	0.001185	-0.003164	-0.145068	-0.103290	0.984016	-0.585837	0.810428	-0.001298	-0.797340	-0.576661	-0.178078
02475	9.613237	-0.024657	-1.731069	0.008003	0.002857	-0.002332	-0.145066	-0.103279	0.984017	-0.585847	0.810420	-0.001308	-0.797332	-0.576673	-0.178070
02476	9.665779	-0.012490	-1.740053	0.004354	0.000200	-0.007598	-0.145056	-0.103326	0.984013	-0.585836	0.810428	-0.001261	-0.797342	-0.576654	-0.178090
02477	9.702612	-0.008402	-1.719419	0.006402	0.002534	-0.004560	-0.145045	-0.103336	0.984014	-0.585838	0.810427	-0.001247	-0.797343	-0.576653	-0.178086
02478	9.643846	-0.007413	-1.730040	0.006658	0.002021	-0.002749	-0.145049	-0.103333	0.984014	-0.585838	0.810427	-0.001251	-0.797342	-0.576654	-0.178088
02479	9.651068	-0.019549	-1.769663	0.006658	0.002022	-0.002749	-0.145052	-0.103331	0.984014	-0.585837	0.810428	-0.001255	-0.797342	-0.576654	-0.178089
02480	9.643904	-0.007171	-1.729714	0.005571	0.000673	-0.001353	-0.145075	-0.103324	0.984011	-0.585827	0.810435	-0.001271	-0.797345	-0.576645	-0.178104
02481	9.679413	-0.036167	-1.759055	0.006401	0.002533	-0.004561	-0.145063	-0.103333	0.984012	-0.585827	0.810435	-0.001258	-0.797348	-0.576643	-0.178100
02482	9.646200	0.026182	-1.739105	0.006017	0.002683	-0.000544	-0.145075	-0.103309	0.984013	-0.585819	0.810441	-0.001282	-0.797351	-0.576639	-0.178094
02483	9.648084	-0.052272	-1.699332	0.007299	0.001360	-0.004956	-0.145070	-0.103328	0.984011	-0.585829	0.810434	-0.001266	-0.797345	-0.576645	-0.178102
02484	9.668269	0.022207	-1.748365	0.008001	0.002858	-0.002335	-0.145069	-0.103318	0.984012	-0.585839	0.810426	-0.001276	-0.797338	-0.576658	-0.178096
02485	9.635587	-0.026746	-1.738809	0.004159	0.002871	-0.004584	-0.145055	-0.103325	0.984014	-0.585823	0.810438	-0.001258	-0.797352	-0.576640	-0.178088
02486	9.672425	-0.022860	-1.718122	0.007555	0.000848	-0.003145	-0.145065	-0.103333	0.984011	-0.585831	0.810432	-0.001260	-0.797345	-0.576647	-0.178101
02487	9.631581	0.019237	-1.768224	0.005759	0.003195	-0.002357	-0.145062	-0.103320	0.984013	-0.585823	0.810438	-0.001267	-0.797351	-0.576641	-0.178090
02488	9.664007	-0.043006	-1.727780	0.007744	0.003370	-0.004148	-0.145046	-0.103321	0.984015	-0.585834	0.810430	-0.001259	-0.797346	-0.576652	-0.178079
02489	9.647376	0.027866	-1.797383	0.006211	0.000012	-0.003560	-0.145061	-0.103336	0.984012	-0.585832	0.810431	-0.001255	-0.797344	-0.576648	-0.178100
02490	9.657757	-0.030000	-1.747540	0.005313	0.001185	-0.003167	-0.145069	-0.103342	0.984010	-0.585823	0.810438	-0.001252	-0.797350	-0.576637	-0.178110
02491	9.657791	-0.029919	-1.747351	0.006016	0.002684	-0.000546	-0.145080	-0.103318	0.984011	-0.585815	0.810443	-0.001277	-0.797353	-0.576634	-0.178104
02492	9.651545	-0.017254	-1.767086	0.006400	0.002533	-0.004564	-0.145069	-0.103327	0.984011	-0.585816	0.810443	-0.001263	-0.797355	-0.576633	-0.178101
02493	9.622384	-0.000265	-1.717387	0.006400	0.002533	-0.004564	-0.145058	-0.103337	0.984012	-0.585818	0.810442	-0.001249	-0.797356	-0.576633	-0.178097
02494	9.651631	-0.016689	-1.766619	0.006656	0.002022	-0.002752	-0.145061	-0.103334	0.984012	-0.585818	0.810442	-0.001253	-0.797355	-0.576634	-0.178099
02495	9.660176	0.004052	-1.756232	0.006400	0.002533	-0.004565	-0.145048	-0.103344	0.984013	-0.585821	0.810440	-0.001238	-0.797355	-0.576634	-0.178094
02496	9.660215	0.004291	-1.756012	0.006656	0.002022	-0.002753	-0.145052	-0.103341	0.984012	-0.585821	0.810440	-0.001242	-0.797354	-0.576635	-0.178095
02497	9.607739	-0.007401	-1.746708	0.008898	0.001685	-0.002732	-0.145058	-0.103341	0.984012	-0.585839	0.810426	-0.001251	-0.797340	-0.576654	-0.178100
02498	9.658079	-0.028508	-1.745782	0.007999	0.002859	-0.002338	-0.145057	-0.103330	0.984013	-0.585850	0.810419	-0.001261	-0.797332	-0.576666	-0.178093
02499	9.638310	0.008828	-1.745825	0.005826	0.000164	0.000457	-0.145094	-0.103311	0.984009	-0.585837	0.810428	-0.001297	-0.797335	-0.576657	-0.178112
02500	9.666623	-0.007906	-1.735383	0.005056	0.001696	-0.004981	-0.145087	-0.103328	0.984009	-0.585828	0.810435	-0.001276	-0.797343	-0.576645	-0.178116
02501	9.666677	-0.007587	-1.735081	0.006844	0.004544	-0.003758	-0.145064	-0.103319	0.984013	-0.585831	0.810432	-0.001270	-0.797345	-0.576649	-0.178092
02502	9.638447	0.009454	-1.745064	0.005757	0.003196	-0.002360	-0.145061	-0.103307	0.984015	-0.585823	0.810438	-0.001276	-0.797351	-0.576644	-0.178082
02503	9.695071	-0.024071	-1.724192	0.006210	0.000012	-0.003562	-0.145074	-0.103323	0.984011	-0.585820	0.810440	-0.001271	-0.797351	-0.576638	-0.178102
02504	9.615185	-0.018734	-1.785245	0.006467	-0.000499	-0.001750	-0.145103	-0.103327	0.984006	-0.585818	0.810442	-0.001284	-0.797347	-0.576635	-0.178128
02505	9.680330	-0.031888	-1.754083	0.005304	0.006380	-0.001160	-0.145082	-0.103286	0.984014	-0.585806	0.810451	-0.001302	-0.797360	-0.576630	-0.178087
02506	9.644873	-0.002613	-1.724318	0.009795	0.000512	-0.003127	-0.145095	-0.103296	0.984011	-0.585832	0.810432	-0.001308	-0.797339	-0.576654	-0.178103
02507	9.638618	0.010111	-1.744117	0.005500	0.003706	-0.004174	-0.145079	-0.103295	0.984013	-0.585824	0.810438	-0.001298	-0.797347	-0.576646	-0.178090
02508	9.658471	-0.026900	-1.743641	0.005055	0.001695	-0.004982	-0.145072	-0.103312	0.984012	-0.585814	0.810444	-0.001277	-0.797355	-0.576634	-0.178095
02509	9.654412	0.018890	-1.773319	0.006655	0.002022	-0.002755	-0.145075	-0.103310	0.984012	-0.585815	0.810444	-0.001281	-0.797354	-0.576635	-0.178096
02510	9.642814	-0.034625	-1.713679	0.007553	0.000849	-0.003149	-0.145086	-0.103317	0.984010	-0.585823	0.810438	-0.001283	-0.797347	-0.576642	-0.178109
02511	9.667039	-0.005757	-1.733072	0.005312	0.001185	-0.003170	-0.145093	-0.103323	0.984008	-0.585813	0.810445	-0.001280	-0.797353	-0.576631	-0.178118
02512	9.638756	0.011276	-1.743346	0.007553	0.000849	-0.003149	-0.145103	-0.103330	0.984006	-0.585821	0.810439	-0.001282	-0.797345	-0.576638	-0.178131
02513	9.658610	-0.025963	-1.742882	0.007099	0.004034	-0.001949	-0.145095	-0.103310	0.984009	-0.585824	0.810437	-0.001295	-0.797344	-0.576644	-0.178112
02514	9.652361	-0.013018	-1.762661	0.004096	0.000704	-0.009417	-0.145070	-0.103369	0.984007	-0.585814	0.810445	-0.001229	-0.797356	-0.576623	-0.178126
02515	9.652378	-0.012494	-1.762569	0.005311	0.001185	-0.003171	-0.145077	-0.103375	0.984005	-0.585805	0.810451	-0.001226	-0.797361	-0.576613	-0.178135
02516	9.646150	0.000092	-1.782230	0.007543	0.006045	-0.001143	-0.145058	-0.103336	0.984012	-0.585810	0.810447	-0.001248	-0.797361	-0.576625	-0.178097
02517	9.645284	0.000130	-1.722022	0.006397	0.002533	-0.004570	-0.145048	-0.103346	0.984013	-0.585812	0.810446	-0.001234	-0.797361	-0.576626	-0.178095
02518	9.672379	-0.049360	-1.761339	0.006654	0.002023	-0.002757	-0.145051	-0.103344	0.984012	-0.585813	0.810446	-0.001238	-0.797360	-0.576626	-0.178096
02519	9.639061	0.012919	-1.741645	0.006911	0.001513	-0.000944	-0.145071	-0.103329	0.984011	-0.585811	0.810447	-0.001261	-0.797358	-0.576627	-0.178104
02520	9.667422	-0.003710	-1.730942	0.006584	0.005053	-0.005577	-0.145034	-0.103332	0.984016	-0.585815	0.810444	-0.001237	-0.797362	-0.576631	-0.178075
02521	9.658985	-0.023907	-1.740833	0.006209	0.000012	-0.003564	-0.145047	-0.103348	0.984012	-0.585812	0.810446	-0.001232	-0.797361	-0.576625	-0.178095
02522	9.639185	0.013537	-1.740957	0.006012	0.002687	-0.000552	-0.145058	-0.103324	0.984013	-0.585804	0.810451	-0.001257	-0.797365	-0.576622	-0.178090
02523	9.645511	0.001206	-1.720746	0.007295	0.001359	-0.004964	-0.145052	-0.103343	0.984012	-0.585814	0.810445	-0.001239	-0.797360	-0.576628	-0.178096
02524	9.669740	0.030127	-1.740093	0.006653	0.002023	-0.002758	-0.145055	-0.103341	0.984012	-0.585814	0.810445	-0.001243	-0.797359	-0.576628	-0.178097
02525	9.628635	-0.039374	-1.740570	0.005498	0.003706	-0.004179	-0.145037	-0.103340	0.984015	-0.585807	0.810450	-0.001232	-0.797367	-0.576622	-0.178082
02526	9.661351	0.010066	-1.749730	0.007551	0.000850	-0.003151	-0.145047	-0.103347	0.984012	-0.585815	0.810444	-0.001233	-0.797359	-0.576628	-0.178095
02527	9.638139	-0.018466	-1.789840	0.006011	0.002688	-0.000553	-0.145058	-0.103324	0.984013	-0.585808	0.810449	-0.001257	-0.797363	-0.576625	-0.178090
