// General information: 
//  MT Manager version: 2019.2.0 
//  XDA version: 2019.2.0 build 3853 rev 94535 built on 2019-09-09
// Device information: 
//  DeviceId: 00B44112
//  ProductCode: MTW2-3A7G6
//  Firmware Version: 4.3.5
//  Hardware Version: 1.1.0
// Device settings: 
//  Filter Profile: human(46.1)
//  Option Flags: Orientation Smoother Disabled, AHS Disabled, ICC Disabled
// Coordinate system: ENU
PacketCounter	Acc_X	Acc_Y	Acc_Z	Gyr_X	Gyr_Y	Gyr_Z	Mat[1][1]	Mat[2][1]	Mat[3][1]	Mat[1][2]	Mat[2][2]	Mat[3][2]	Mat[1][3]	Mat[2][3]	Mat[3][3]
16372	0.163225	0.051181	10.027814	0.000082	-0.000604	0.002389	1.000000	-0.000479	-0.000407	0.000479	1.000000	0.000081	0.000407	-0.000081	1.000000
16373	0.172019	0.053408	10.017369	-0.001651	-0.000102	0.003905	1.000000	-0.000462	-0.000407	0.000462	1.000000	0.000070	0.000407	-0.000070	1.000000
16374	0.160436	0.042242	10.023530	-0.001580	0.000637	0.003448	1.000000	-0.000453	-0.000423	0.000453	1.000000	0.000060	0.000423	-0.000060	1.000000
16375	0.165893	0.058542	10.032109	-0.000825	0.000852	0.004721	1.000000	-0.000410	-0.000444	0.000410	1.000000	0.000068	0.000444	-0.000068	1.000000
16376	0.171604	0.052429	10.017382	-0.000958	0.000566	0.003387	1.000000	-0.000410	-0.000461	0.000410	1.000000	0.000077	0.000461	-0.000077	1.000000
16377	0.172257	0.047672	10.025954	0.000102	-0.000755	0.002986	1.000000	-0.000418	-0.000443	0.000418	1.000000	0.000111	0.000443	-0.000111	1.000000
16378	0.154255	0.047164	10.038270	-0.002181	0.000558	0.004106	1.000000	-0.000400	-0.000456	0.000400	1.000000	0.000089	0.000456	-0.000089	1.000000
16379	0.175000	0.055373	10.030246	-0.000316	0.000343	0.003923	1.000000	-0.000378	-0.000465	0.000378	1.000000	0.000110	0.000465	-0.000110	1.000000
16380	0.168536	0.065531	10.036408	-0.002365	-0.000619	0.003827	1.000000	-0.000356	-0.000451	0.000356	1.000000	0.000079	0.000451	-0.000079	1.000000
16381	0.153536	0.050533	10.029706	-0.002222	0.000860	0.002912	1.000000	-0.000361	-0.000474	0.000361	1.000000	0.000053	0.000474	-0.000053	1.000000
16382	0.171373	0.050348	10.017396	-0.000978	0.000717	0.002790	1.000000	-0.000375	-0.000492	0.000376	1.000000	0.000061	0.000492	-0.000061	1.000000
16383	0.171476	0.050061	10.017396	-0.001194	-0.001502	0.004162	1.000000	-0.000346	-0.000455	0.000346	1.000000	0.000060	0.000455	-0.000060	1.000000
16384	0.171559	0.049773	10.017396	-0.000999	0.000868	0.002193	1.000000	-0.000364	-0.000481	0.000364	1.000000	0.000063	0.000481	-0.000063	1.000000
16385	0.161602	0.056187	10.010700	-0.002345	-0.000770	0.004424	1.000000	-0.000338	-0.000465	0.000338	1.000000	0.000036	0.000465	-0.000036	1.000000
16386	0.168789	0.040592	10.013109	-0.001091	0.000279	0.002053	1.000000	-0.000366	-0.000472	0.000366	1.000000	0.000040	0.000472	-0.000040	1.000000
16387	0.171598	0.048540	10.017401	-0.001652	-0.000102	0.003906	1.000000	-0.000349	-0.000470	0.000349	1.000000	0.000029	0.000470	-0.000029	1.000000
16388	0.159499	0.041924	10.014984	-0.002406	-0.000317	0.002633	1.000000	-0.000364	-0.000466	0.000364	1.000000	-0.000000	0.000466	0.000000	1.000000
16389	0.162404	0.049707	10.019277	-0.001632	-0.000254	0.004503	1.000000	-0.000328	-0.000462	0.000328	1.000000	-0.000012	0.000462	0.000012	1.000000
16390	0.153107	0.051643	10.021150	-0.000449	0.000056	0.002589	1.000000	-0.000343	-0.000463	0.000343	1.000000	0.000008	0.000463	-0.000008	1.000000
16391	0.162349	0.049321	10.019280	-0.000357	0.000644	0.002729	1.000000	-0.000360	-0.000480	0.000360	1.000000	0.000032	0.000480	-0.000032	1.000000
16392	0.165155	0.057361	10.023573	-0.001612	-0.000405	0.005100	1.000000	-0.000306	-0.000470	0.000306	1.000000	0.000019	0.000470	-0.000019	1.000000
16393	0.168865	0.038269	10.013117	-0.000449	0.000056	0.002589	1.000000	-0.000315	-0.000472	0.000315	1.000000	0.000036	0.000472	-0.000036	1.000000
16394	0.165888	0.052155	10.032144	-0.001765	-0.000540	0.003169	1.000000	-0.000317	-0.000461	0.000317	1.000000	0.000024	0.000461	-0.000024	1.000000
16395	0.155420	0.063290	10.016879	-0.001030	-0.000175	0.003845	1.000000	-0.000306	-0.000459	0.000306	1.000000	0.000030	0.000459	-0.000030	1.000000
16396	0.168392	0.041980	10.004549	-0.001091	0.000279	0.002053	1.000000	-0.000335	-0.000470	0.000335	1.000000	0.000034	0.000470	-0.000034	1.000000
16397	0.177550	0.061871	10.025998	-0.001765	-0.000540	0.003169	1.000000	-0.000336	-0.000454	0.000336	1.000000	0.000020	0.000454	-0.000020	1.000000
16398	0.153472	0.049315	10.021156	-0.001215	-0.001351	0.003565	1.000000	-0.000328	-0.000422	0.000328	1.000000	0.000021	0.000422	-0.000021	1.000000
16399	0.160041	0.061042	10.038309	-0.000501	-0.000835	0.003644	1.000000	-0.000313	-0.000404	0.000313	1.000000	0.000037	0.000404	-0.000037	1.000000
16400	0.168254	0.067827	10.019298	-0.001652	-0.000102	0.003906	1.000000	-0.000297	-0.000402	0.000298	1.000000	0.000027	0.000402	-0.000027	1.000000
16401	0.162673	0.050864	10.010711	-0.001143	-0.000612	0.003108	1.000000	-0.000299	-0.000387	0.000299	1.000000	0.000028	0.000387	-0.000028	1.000000
16402	0.165699	0.058788	10.015004	-0.001725	-0.000842	0.004363	1.000000	-0.000273	-0.000365	0.000273	1.000000	0.000017	0.000365	-0.000017	1.000000
16403	0.157132	0.055909	10.025447	-0.001805	-0.000237	0.001975	1.000000	-0.000298	-0.000359	0.000298	1.000000	0.000001	0.000359	-0.000001	1.000000
16404	0.172836	0.042901	10.017406	-0.000244	0.001081	0.003467	1.000000	-0.000290	-0.000388	0.000290	1.000000	0.000024	0.000388	-0.000025	1.000000
16405	0.163336	0.044866	10.019284	-0.001713	0.000352	0.002115	1.000000	-0.000322	-0.000398	0.000322	1.000000	0.000015	0.000398	-0.000015	1.000000
16406	0.165954	0.052826	10.023585	-0.000906	0.001456	0.002333	1.000000	-0.000346	-0.000434	0.000346	1.000000	0.000024	0.000434	-0.000024	1.000000
16407	0.174468	0.054837	10.013149	-0.002294	0.000121	0.003370	1.000000	-0.000338	-0.000439	0.000338	1.000000	-0.000004	0.000439	0.000004	1.000000
16408	0.175295	0.049723	10.021715	-0.001329	-0.001789	0.002828	1.000000	-0.000347	-0.000396	0.000347	1.000000	-0.000008	0.000396	0.000008	1.000000
16409	0.146853	0.060586	10.018772	-0.002202	0.000710	0.003510	1.000000	-0.000341	-0.000414	0.000341	1.000000	-0.000032	0.000414	0.000032	1.000000
16410	0.157918	0.043843	10.042602	-0.002295	0.000121	0.003370	1.000000	-0.000341	-0.000416	0.000340	1.000000	-0.000057	0.000416	0.000057	1.000000
16411	0.178273	0.056618	10.026016	-0.000502	-0.000836	0.003644	1.000000	-0.000323	-0.000399	0.000323	1.000000	-0.000042	0.000399	0.000042	1.000000
16412	0.168544	0.063273	10.019323	-0.001124	-0.000763	0.003705	1.000000	-0.000310	-0.000380	0.000310	1.000000	-0.000040	0.000380	0.000040	1.000000
16413	0.161071	0.051277	10.046898	-0.000978	0.000716	0.002791	1.000000	-0.000314	-0.000398	0.000314	1.000000	-0.000036	0.000398	0.000036	1.000000
16414	0.159190	0.064959	10.021202	-0.001011	-0.000327	0.004442	1.000000	-0.000283	-0.000392	0.000283	1.000000	-0.000031	0.000392	0.000031	1.000000
16415	0.172383	0.061407	10.040762	-0.001415	0.001965	0.003132	1.000000	-0.000278	-0.000444	0.000278	1.000000	-0.000039	0.000444	0.000038	1.000000
16416	0.158635	0.064421	10.021214	-0.000224	0.000929	0.004064	1.000000	-0.000251	-0.000465	0.000251	1.000000	-0.000016	0.000465	0.000015	1.000000
16417	0.175596	0.042026	10.030301	-0.002388	-0.000467	0.003230	1.000000	-0.000253	-0.000454	0.000253	1.000000	-0.000044	0.000454	0.000044	1.000000
16418	0.168701	0.056824	10.027907	-0.000483	-0.000988	0.004241	1.000000	-0.000226	-0.000429	0.000226	1.000000	-0.000026	0.000429	0.000026	1.000000
16419	0.153174	0.046834	10.012619	-0.001693	0.000200	0.002712	1.000000	-0.000236	-0.000434	0.000236	1.000000	-0.000039	0.000434	0.000038	1.000000
16420	0.156143	0.054825	10.016917	-0.000635	-0.001122	0.002310	1.000000	-0.000251	-0.000409	0.000251	1.000000	-0.000027	0.000409	0.000027	1.000000
16421	0.159771	0.058245	10.029781	-0.001032	-0.000175	0.003845	1.000000	-0.000232	-0.000406	0.000232	1.000000	-0.000024	0.000406	0.000024	1.000000
16422	0.166878	0.042793	10.032172	-0.001051	-0.000024	0.003248	1.000000	-0.000230	-0.000408	0.000230	1.000000	-0.000020	0.000408	0.000020	1.000000
16423	0.159350	0.062321	10.021216	-0.001237	-0.001200	0.002968	1.000000	-0.000237	-0.000380	0.000237	1.000000	-0.000020	0.000380	0.000020	1.000000
16424	0.165844	0.051350	10.015042	-0.002242	0.001013	0.002316	1.000000	-0.000259	-0.000405	0.000259	1.000000	-0.000045	0.000405	0.000045	1.000000
16425	0.166276	0.046441	10.023611	0.000285	0.000419	0.003266	1.000000	-0.000259	-0.000414	0.000259	1.000000	-0.000007	0.000414	0.000006	1.000000
16426	0.169141	0.054454	10.027913	-0.002388	-0.000466	0.003230	1.000000	-0.000259	-0.000405	0.000259	1.000000	-0.000036	0.000405	0.000036	1.000000
16427	0.168037	0.063224	10.010785	-0.001786	-0.000388	0.002572	1.000000	-0.000274	-0.000399	0.000274	1.000000	-0.000050	0.000399	0.000050	1.000000
16428	0.160595	0.051135	10.038355	-0.001052	-0.000024	0.003248	1.000000	-0.000269	-0.000402	0.000269	1.000000	-0.000048	0.000402	0.000048	1.000000
16429	0.165835	0.049637	10.015051	-0.001071	0.000128	0.002651	1.000000	-0.000287	-0.000409	0.000287	1.000000	-0.000043	0.000409	0.000043	1.000000
16430	0.171468	0.065792	10.023658	-0.002182	0.000558	0.004108	1.000000	-0.000267	-0.000427	0.000267	1.000000	-0.000065	0.000427	0.000065	1.000000
16431	0.165697	0.048702	10.015058	-0.001826	-0.000084	0.001378	1.000000	-0.000313	-0.000426	0.000313	1.000000	-0.000079	0.000426	0.000079	1.000000
16432	0.172032	0.060237	10.032228	-0.001224	-0.000006	0.000719	1.000000	-0.000372	-0.000427	0.000372	1.000000	-0.000080	0.000427	0.000080	1.000000
16433	0.155775	0.055087	10.008373	0.000324	0.000115	0.004461	1.000000	-0.000340	-0.000431	0.000340	1.000000	-0.000042	0.000431	0.000041	1.000000
16434	0.162731	0.039731	10.010760	-0.001600	0.000789	0.002853	1.000000	-0.000343	-0.000453	0.000343	1.000000	-0.000053	0.000453	0.000053	1.000000
16435	0.158986	0.058214	10.021246	-0.000939	0.000412	0.003986	1.000000	-0.000317	-0.000462	0.000317	1.000000	-0.000049	0.000462	0.000049	1.000000
16436	0.158348	0.062684	10.012685	-0.000430	-0.000097	0.003187	1.000000	-0.000468	-0.000428	0.000468	1.000000	0.000036	0.000428	-0.000036	1.000000
16437	0.158952	0.057829	10.021249	-0.001072	0.000128	0.002651	1.000000	-0.000487	-0.000432	0.000487	1.000000	0.000041	0.000432	-0.000041	1.000000
16438	0.155434	0.053857	10.008385	-0.001541	0.000334	0.004644	1.000000	-0.000448	-0.000439	0.000448	1.000000	0.000032	0.000439	-0.000032	1.000000
16439	0.187325	0.045595	10.024190	-0.002374	0.000729	0.000982	1.000000	-0.000512	-0.000459	0.000512	1.000000	0.000006	0.000459	-0.000007	1.000000
16440	0.158504	0.056584	10.021263	-0.000733	0.001437	0.004864	1.000000	-0.000481	-0.000498	0.000481	1.000000	0.000021	0.000498	-0.000022	1.000000
16441	0.170382	0.062236	10.023699	-0.002242	0.001014	0.002317	1.000000	-0.000497	-0.000523	0.000497	1.000000	-0.000006	0.000523	0.000006	1.000000
16442	0.154709	0.052137	10.008406	-0.001126	-0.000764	0.003705	1.000000	-0.000489	-0.000509	0.000489	1.000000	-0.000002	0.000509	0.000001	1.000000
16443	0.149597	0.053052	10.031711	-0.001185	-0.000309	0.001914	1.000000	-0.000524	-0.000504	0.000524	1.000000	0.000001	0.000504	-0.000001	1.000000
16444	0.161308	0.063368	10.025578	-0.001748	-0.000691	0.003767	1.000000	-0.000513	-0.000490	0.000513	1.000000	-0.000011	0.000490	0.000011	1.000000
16445	0.164341	0.048938	10.006529	-0.000318	0.000339	0.003925	1.000000	-0.000490	-0.000502	0.000490	1.000000	0.000009	0.000502	-0.000009	1.000000
16446	0.161325	0.062753	10.025582	-0.002276	-0.000030	0.003968	1.000000	-0.000472	-0.000502	0.000472	1.000000	-0.000017	0.000502	0.000017	1.000000
16447	0.167657	0.051967	10.019402	0.000378	0.001005	0.003407	1.000000	-0.000466	-0.000528	0.000466	1.000000	0.000023	0.000528	-0.000023	1.000000
16448	0.161719	0.057822	10.034149	-0.000411	-0.000250	0.003785	1.000000	-0.000453	-0.000523	0.000453	1.000000	0.000043	0.000523	-0.000043	1.000000
16449	0.167700	0.051585	10.019404	-0.002351	-0.000769	0.004425	1.000000	-0.000426	-0.000508	0.000426	1.000000	0.000016	0.000508	-0.000016	1.000000
16450	0.149007	0.055670	10.023160	-0.000885	0.001304	0.002932	1.000000	-0.000428	-0.000546	0.000428	1.000000	0.000023	0.000546	-0.000023	1.000000
16451	0.167472	0.050831	10.019411	-0.001674	0.000049	0.003310	1.000000	-0.000425	-0.000552	0.000425	1.000000	0.000011	0.000552	-0.000012	1.000000
16452	0.157542	0.057389	10.012729	-0.001072	0.000127	0.002652	1.000000	-0.000432	-0.000557	0.000432	1.000000	0.000013	0.000557	-0.000013	1.000000
16453	0.167527	0.050262	10.019413	-0.000525	-0.000686	0.003047	1.000000	-0.000437	-0.000541	0.000437	1.000000	0.000032	0.000541	-0.000032	1.000000
16454	0.178054	0.038486	10.034659	-0.000959	0.000564	0.003389	1.000000	-0.000435	-0.000559	0.000435	1.000000	0.000040	0.000559	-0.000040	1.000000
16455	0.160961	0.060111	10.025604	-0.002805	0.000632	0.004170	1.000000	-0.000411	-0.000578	0.000411	1.000000	-0.000000	0.000578	-0.000000	1.000000
16456	0.154512	0.047731	10.008431	-0.000920	0.000260	0.004584	1.000000	-0.000372	-0.000589	0.000372	1.000000	0.000005	0.000589	-0.000005	1.000000
16457	0.170219	0.057094	10.023733	-0.001147	-0.000613	0.003108	1.000000	-0.000371	-0.000579	0.000371	1.000000	0.000006	0.000579	-0.000006	1.000000
16458	0.158159	0.050695	10.021300	-0.001788	-0.000387	0.002572	1.000000	-0.000387	-0.000574	0.000387	1.000000	-0.000007	0.000574	0.000007	1.000000
16459	0.166978	0.052641	10.010864	-0.001788	-0.000387	0.002572	1.000000	-0.000401	-0.000566	0.000401	1.000000	-0.000022	0.000566	0.000021	1.000000
16460	0.176328	0.050013	10.008988	-0.001072	0.000127	0.002652	1.000000	-0.000412	-0.000572	0.000412	1.000000	-0.000018	0.000572	0.000018	1.000000
16461	0.161208	0.057777	10.025614	-0.001788	-0.000387	0.002572	1.000000	-0.000431	-0.000568	0.000431	1.000000	-0.000031	0.000568	0.000030	1.000000
16462	0.168357	0.042118	10.027985	-0.001769	-0.000539	0.003170	1.000000	-0.000433	-0.000558	0.000433	1.000000	-0.000044	0.000558	0.000043	1.000000
16463	0.153091	0.049905	10.044614	-0.000904	0.001455	0.002336	1.000000	-0.000450	-0.000596	0.000450	1.000000	-0.000037	0.000596	0.000037	1.000000
16464	0.165386	0.055787	10.047046	-0.000052	-0.002240	0.003900	1.000000	-0.000426	-0.000542	0.000426	1.000000	-0.000011	0.000542	0.000010	1.000000
16465	0.152840	0.054360	10.036051	-0.000489	0.000358	0.001396	1.000000	-0.000471	-0.000557	0.000471	1.000000	0.000009	0.000557	-0.000009	1.000000
16466	0.162252	0.051793	10.034173	-0.001863	-0.001127	0.003029	1.000000	-0.000479	-0.000531	0.000479	1.000000	-0.000006	0.000531	0.000006	1.000000
16467	0.168886	0.040864	10.027982	-0.001166	-0.000461	0.002511	1.000000	-0.000497	-0.000524	0.000497	1.000000	-0.000004	0.000524	0.000004	1.000000
16468	0.149177	0.054264	10.014622	-0.002410	-0.000313	0.002634	1.000000	-0.000512	-0.000522	0.000512	1.000000	-0.000034	0.000522	0.000033	1.000000
16469	0.162563	0.050495	10.034175	-0.001092	0.000279	0.002055	1.000000	-0.000534	-0.000534	0.000534	1.000000	-0.000032	0.000535	0.000032	1.000000
16470	0.171963	0.048003	10.032295	-0.000658	-0.000970	0.001712	1.000000	-0.000578	-0.000516	0.000578	1.000000	-0.000015	0.000516	0.000015	1.000000
16471	0.158484	0.050904	10.012749	-0.002617	0.001808	0.004452	1.000000	-0.000556	-0.000566	0.000556	1.000000	-0.000048	0.000566	0.000047	1.000000
16472	0.162444	0.049359	10.034182	-0.001109	-0.000917	0.004303	1.000000	-0.000535	-0.000547	0.000535	1.000000	-0.000043	0.000547	0.000043	1.000000
16473	0.161903	0.053752	10.025625	-0.000959	0.000563	0.003390	1.000000	-0.000534	-0.000565	0.000534	1.000000	-0.000035	0.000565	0.000034	1.000000
16474	0.158586	0.049692	10.012754	-0.002560	-0.001793	0.003547	1.000000	-0.000527	-0.000522	0.000527	1.000000	-0.000067	0.000522	0.000067	1.000000
16475	0.172288	0.045882	10.032300	-0.001128	-0.000765	0.003706	1.000000	-0.000515	-0.000507	0.000515	1.000000	-0.000065	0.000507	0.000065	1.000000
16476	0.153151	0.054877	10.027502	-0.000470	0.000205	0.001994	1.000000	-0.000547	-0.000520	0.000547	1.000000	-0.000045	0.000520	0.000045	1.000000
16477	0.159019	0.048791	10.012751	-0.001167	-0.000461	0.002511	1.000000	-0.000571	-0.000512	0.000571	1.000000	-0.000042	0.000512	0.000041	1.000000
16478	0.165346	0.060307	10.029940	-0.001600	0.000789	0.002854	1.000000	-0.000584	-0.000532	0.000584	1.000000	-0.000049	0.000532	0.000048	1.000000
16479	0.171235	0.054066	10.015190	-0.001242	-0.001201	0.002968	1.000000	-0.000590	-0.000505	0.000590	1.000000	-0.000049	0.000505	0.000049	1.000000
16480	0.159183	0.047844	10.012753	-0.000451	0.000053	0.002591	1.000000	-0.000601	-0.000507	0.000601	1.000000	-0.000031	0.000507	0.000030	1.000000
16481	0.165625	0.059503	10.029940	-0.001148	-0.000613	0.003109	1.000000	-0.000606	-0.000497	0.000606	1.000000	-0.000028	0.000497	0.000028	1.000000
16482	0.160036	0.042648	10.021308	-0.001280	-0.000896	0.001774	1.000000	-0.000639	-0.000478	0.000639	1.000000	-0.000030	0.000478	0.000029	1.000000
16483	0.155976	0.065919	10.023263	-0.000337	0.000489	0.003329	1.000000	-0.000632	-0.000493	0.000632	1.000000	-0.000009	0.000493	0.000008	1.000000
16484	0.162202	0.055289	10.017071	-0.000243	0.001077	0.003470	1.000000	-0.000628	-0.000523	0.000628	1.000000	0.000017	0.000523	-0.000017	1.000000
16485	0.170724	0.057521	10.006639	-0.000959	0.000563	0.003390	1.000000	-0.000622	-0.000542	0.000622	1.000000	0.000022	0.000542	-0.000022	1.000000
16486	0.174893	0.056314	10.028065	0.000001	-0.001349	0.002846	1.000000	-0.000634	-0.000507	0.000634	1.000000	0.000054	0.000507	-0.000054	1.000000
16487	0.172202	0.047654	10.023748	-0.003032	-0.000238	0.002696	1.000000	-0.000644	-0.000501	0.000644	1.000000	0.000008	0.000501	-0.000009	1.000000
16488	0.162938	0.049639	10.025629	0.000793	-0.000095	0.002468	1.000000	-0.000657	-0.000503	0.000657	1.000000	0.000057	0.000503	-0.000057	1.000000
16489	0.156974	0.055258	10.040386	-0.002711	0.001221	0.004312	1.000000	-0.000633	-0.000537	0.000633	1.000000	0.000020	0.000537	-0.000020	1.000000
16490	0.155595	0.064205	10.023280	-0.000338	0.000488	0.003329	1.000000	-0.000629	-0.000552	0.000629	1.000000	0.000041	0.000551	-0.000042	1.000000
16491	0.168985	0.038084	10.019443	-0.002411	-0.000312	0.002634	1.000000	-0.000644	-0.000547	0.000644	1.000000	0.000013	0.000547	-0.000013	1.000000
16492	0.158564	0.049187	10.004214	-0.001657	-0.000103	0.003908	1.000000	-0.000626	-0.000548	0.000626	1.000000	0.000000	0.000548	-0.000001	1.000000
16493	0.184173	0.051381	10.026200	-0.001657	-0.000103	0.003908	1.000000	-0.000611	-0.000551	0.000611	1.000000	-0.000011	0.000551	0.000011	1.000000
16494	0.178295	0.056909	10.040956	-0.000960	0.000563	0.003390	1.000000	-0.000610	-0.000568	0.000610	1.000000	-0.000003	0.000568	0.000003	1.000000
16495	0.153193	0.049131	10.027531	-0.002768	0.000329	0.005366	1.000000	-0.000557	-0.000576	0.000557	1.000000	-0.000041	0.000576	0.000041	1.000000
16496	0.158961	0.043335	10.012778	0.003544	0.000172	0.004894	1.000000	-0.000516	-0.000585	0.000516	1.000000	0.000077	0.000585	-0.000078	1.000000
16497	0.165590	0.051329	10.038525	0.002262	0.002297	-0.046060	0.999998	-0.001760	-0.000652	0.001760	0.999998	0.000189	0.000651	-0.000191	1.000000
16498	0.147669	0.078114	10.020946	-0.003508	0.000870	-0.006544	0.999998	-0.002008	-0.000674	0.002008	0.999998	0.000138	0.000673	-0.000139	1.000000
16499	0.191025	-0.125774	10.029052	0.004357	0.005048	-0.058243	0.999993	-0.003544	-0.000813	0.003544	0.999994	0.000304	0.000812	-0.000307	1.000000
16500	0.124811	0.147055	10.037276	-0.001478	-0.000687	-0.149016	0.999973	-0.007346	-0.000823	0.007347	0.999973	0.000359	0.000821	-0.000365	1.000000
16501	0.123197	-0.359126	10.017182	0.002714	0.000444	-0.181433	0.999928	-0.011960	-0.000862	0.011961	0.999928	0.000533	0.000856	-0.000543	0.999999
16502	0.055432	-0.225310	10.027835	0.002135	0.000907	-0.216201	0.999848	-0.017438	-0.000918	0.017439	0.999848	0.000705	0.000906	-0.000721	0.999999
16503	0.303234	0.627805	9.994124	-0.005662	0.000533	-0.197864	0.999747	-0.022464	-0.000962	0.022465	0.999747	0.000674	0.000947	-0.000696	0.999999
16504	0.167386	0.188101	10.021388	-0.000145	0.002566	-0.211666	0.999612	-0.027831	-0.001064	0.027832	0.999612	0.000786	0.001042	-0.000816	0.999999
16505	0.132191	0.025965	10.025049	-0.003514	-0.001689	-0.134259	0.999511	-0.031263	-0.001045	0.031264	0.999511	0.000783	0.001020	-0.000815	0.999999
16506	0.160765	-0.025231	10.017362	-0.004508	-0.000279	-0.149689	0.999384	-0.035080	-0.001063	0.035080	0.999384	0.000760	0.001035	-0.000796	0.999999
16507	0.166822	0.178576	10.038534	-0.000001	0.001396	-0.089857	0.999300	-0.037401	-0.001113	0.037402	0.999300	0.000827	0.001081	-0.000868	0.999999
16508	0.160867	0.059541	10.030017	-0.001697	-0.004544	-0.067699	0.999232	-0.039170	-0.001013	0.039171	0.999232	0.000842	0.000979	-0.000881	0.999999
16509	0.164738	0.169639	10.034215	-0.005532	-0.000987	-0.039219	0.999190	-0.040236	-0.000997	0.040237	0.999190	0.000753	0.000966	-0.000793	0.999999
16510	0.104748	0.093839	10.056155	-0.023635	-0.009306	-0.012016	0.999174	-0.040626	-0.000766	0.040627	0.999174	0.000199	0.000758	-0.000230	1.000000
16511	0.057780	0.185721	10.196133	-0.237906	-0.000657	-0.054427	0.999111	-0.042153	-0.000757	0.042148	0.999095	-0.005699	0.000996	0.005662	0.999983
16512	0.321426	-0.001045	9.742285	-0.045698	0.000117	-0.119242	0.998976	-0.045229	-0.000762	0.045223	0.998954	-0.006761	0.001067	0.006720	0.999977
16513	-0.073553	0.395659	10.186962	-0.087517	-0.014191	0.000395	0.998972	-0.045338	-0.000409	0.045333	0.998932	-0.008916	0.000812	0.008888	0.999960
16514	0.483528	0.170946	10.225796	-0.076683	-0.231042	-0.059824	0.998884	-0.046928	0.005378	0.046983	0.998838	-0.010765	-0.004867	0.011006	0.999928
16515	-0.002370	-0.557026	10.154014	-0.091046	-0.340097	-0.174674	0.998584	-0.051338	0.013910	0.051517	0.998589	-0.012893	-0.013229	0.013591	0.999820
16516	0.756910	-0.149114	10.357183	-0.166457	-0.356982	-0.040791	0.998364	-0.052409	0.022848	0.052802	0.998461	-0.016979	-0.021923	0.018157	0.999595
16517	0.568214	0.304276	10.236673	-0.315114	-0.065876	0.261800	0.998641	-0.046063	0.024392	0.046674	0.998595	-0.025077	-0.023202	0.026181	0.999388
16518	0.503356	-0.006691	10.083040	-0.187180	-0.152781	0.076202	0.998624	-0.044229	0.028166	0.045065	0.998540	-0.029797	-0.026807	0.031026	0.999159
16519	0.681238	-1.099292	10.971232	-0.117271	-0.340614	-0.364246	0.997901	-0.053211	0.036911	0.054409	0.997998	-0.032236	-0.035122	0.034176	0.998798
16520	0.363141	-0.369299	10.107549	-0.448680	-0.153861	0.135497	0.997923	-0.049965	0.040648	0.051729	0.997710	-0.043579	-0.038377	0.045591	0.998223
16521	0.533471	0.130293	9.700084	-0.329958	-0.066436	0.269919	0.998174	-0.043384	0.042025	0.045555	0.997599	-0.052156	-0.039662	0.053975	0.997754
16522	0.409191	-0.983149	10.466607	-0.139600	-0.194898	-0.095430	0.997850	-0.045663	0.047014	0.048250	0.997295	-0.055441	-0.044355	0.057590	0.997355
16523	0.454756	-1.134810	10.640706	-0.409694	-0.205070	0.032780	0.997637	-0.044804	0.052095	0.048189	0.996678	-0.065659	-0.048980	0.068014	0.996481
16524	0.677489	-0.601238	10.043177	-0.581118	-0.190528	0.000839	0.997378	-0.044775	0.056861	0.049259	0.995571	-0.080074	-0.053024	0.082665	0.995166
16525	0.488816	-0.398559	9.741024	-0.530488	-0.189893	0.330207	0.997476	-0.036461	0.060935	0.042092	0.994698	-0.093835	-0.057191	0.096163	0.993721
16526	0.297066	-1.354867	10.370569	-0.313137	-0.223600	-0.263701	0.996831	-0.042699	0.067117	0.049365	0.993658	-0.101028	-0.062377	0.104021	0.992617
16527	0.937378	-1.408080	10.771560	-0.507028	-0.256699	-0.421837	0.995816	-0.052791	0.074586	0.061011	0.991764	-0.112617	-0.068026	0.116696	0.990835
16528	1.128966	-1.277356	10.185640	-0.845268	-0.244316	0.114636	0.995530	-0.049640	0.080347	0.060117	0.989194	-0.133722	-0.072841	0.137954	0.987756
16529	1.307845	-0.887573	9.760227	-0.693897	-0.300998	0.469909	0.995577	-0.037329	0.086210	0.050169	0.987116	-0.151937	-0.079427	0.155590	0.984623
16530	0.495789	-1.703338	9.993697	-0.353670	-0.306652	-0.164820	0.994712	-0.040436	0.094412	0.055263	0.985547	-0.160135	-0.086573	0.164505	0.982570
16531	1.314120	-2.083721	10.621437	-0.503282	-0.342091	-0.216641	0.993603	-0.044644	0.103728	0.062110	0.983175	-0.171785	-0.094314	0.177129	0.979658
16532	1.237905	-1.940923	10.560599	-0.914656	-0.310546	0.210834	0.993133	-0.038505	0.110468	0.059615	0.979051	-0.194693	-0.100657	0.199941	0.974624
16533	1.379695	-1.583389	9.852186	-0.721564	-0.305024	0.110169	0.992478	-0.034635	0.117422	0.059180	0.975365	-0.212510	-0.107169	0.217861	0.970078
16534	0.775393	-1.821349	10.254794	-0.487702	-0.648498	-0.502691	0.989767	-0.043618	0.135860	0.073375	0.972184	-0.222431	-0.122379	0.230123	0.965436
16535	1.406830	-2.241403	9.656054	-0.464603	-0.540962	-0.828379	0.986264	-0.060884	0.153545	0.095622	0.968434	-0.230199	-0.134683	0.241719	0.960954
16536	1.603340	-2.010492	9.491734	-0.579946	-0.427710	-0.695555	0.982917	-0.075412	0.167889	0.115089	0.963696	-0.240922	-0.143626	0.256129	0.955913
16537	2.060697	-2.673116	10.330734	-0.629185	-0.624371	-0.645759	0.978523	-0.087237	0.186767	0.133659	0.958275	-0.252674	-0.156931	0.272210	0.949355
16538	1.831860	-2.853336	9.601136	-0.600904	-0.775078	-0.678581	0.972841	-0.098459	0.209490	0.153066	0.952542	-0.263125	-0.173641	0.288044	0.941743
16539	2.012026	-2.417880	9.008359	-0.491968	-0.695790	-0.701242	0.966792	-0.110374	0.230501	0.172602	0.947146	-0.270412	-0.188471	0.301217	0.934744
16540	2.501684	-2.193687	9.256529	-0.646479	-0.346922	-0.457748	0.963016	-0.118890	0.241795	0.187075	0.940862	-0.282457	-0.193915	0.317245	0.928307
16541	2.438993	-2.793249	9.643347	-0.806621	-0.306179	-0.738511	0.957790	-0.134141	0.254254	0.209125	0.931987	-0.296084	-0.197245	0.336757	0.920700
16542	2.695345	-3.100262	9.072689	-0.986317	-0.671484	-0.836627	0.949643	-0.148234	0.276053	0.234547	0.920478	-0.312583	-0.207765	0.361589	0.908893
16543	2.683041	-3.373441	8.931756	-0.872689	-0.507458	-0.635904	0.942968	-0.158564	0.292692	0.254621	0.909949	-0.327354	-0.214428	0.383210	0.898427
16544	3.252145	-3.361319	8.923173	-0.821895	-0.252994	-0.562238	0.937800	-0.169244	0.303131	0.272625	0.899604	-0.341157	-0.214959	0.402578	0.889789
16545	3.691829	-2.799392	8.574491	-0.685930	-0.407237	-0.580272	0.931403	-0.178451	0.317245	0.290244	0.890076	-0.351458	-0.219654	0.419427	0.880814
16546	3.486693	-3.595208	8.756742	-0.463325	-0.658517	-0.898299	0.920824	-0.191700	0.339610	0.313895	0.881098	-0.353747	-0.231417	0.432341	0.871509
16547	3.552842	-4.297563	9.365828	-0.671454	-0.715114	-0.808675	0.909889	-0.201958	0.362375	0.336707	0.869788	-0.360690	-0.242345	0.450202	0.859411
16548	3.716108	-4.043769	8.910285	-0.757711	-1.404233	-1.018366	0.891838	-0.208283	0.401551	0.364880	0.855914	-0.366434	-0.267372	0.473318	0.839335
16549	4.582590	-2.974097	8.310081	-0.751527	-1.423361	-0.981065	0.872420	-0.212409	0.440189	0.392160	0.841741	-0.371055	-0.291709	0.496341	0.817650
16550	5.025008	-3.384295	8.396690	-0.748713	-1.181141	-0.831323	0.854950	-0.215302	0.471917	0.416100	0.827883	-0.376126	-0.309712	0.517934	0.797385
16551	5.040492	-3.900453	8.328920	-0.797988	-1.287255	-0.834116	0.835533	-0.215912	0.505239	0.440465	0.812904	-0.381021	-0.328444	0.540896	0.774310
16552	5.373367	-3.963515	8.354644	-0.979142	-1.398478	-0.950787	0.812664	-0.216249	0.541122	0.468725	0.794295	-0.386513	-0.346227	0.567743	0.746857
16553	5.546789	-3.935362	7.723285	-1.169826	-1.639539	-0.973390	0.785972	-0.212090	0.580747	0.499054	0.772111	-0.393433	-0.364958	0.599051	0.712702
16554	6.214061	-3.550994	6.887701	-0.996155	-1.500347	-0.975859	0.759139	-0.208325	0.616692	0.527569	0.751862	-0.395443	-0.381287	0.625544	0.680673
16555	6.426917	-3.494708	6.771707	-0.808337	-0.888263	-0.973955	0.737200	-0.212792	0.641292	0.553782	0.734070	-0.393024	-0.387121	0.644873	0.658996
16556	6.668692	-3.784375	6.796524	-0.808729	-0.442739	-1.168298	0.716119	-0.227170	0.659975	0.582944	0.714679	-0.386536	-0.383861	0.661534	0.644223
16557	6.974013	-3.986079	7.008105	-0.899797	-0.302259	-0.942193	0.698968	-0.239137	0.673986	0.608345	0.694286	-0.384555	-0.375978	0.678808	0.630762
16558	6.889508	-3.732973	6.668707	-0.907930	-0.313158	-1.127425	0.678259	-0.253460	0.689727	0.636349	0.671971	-0.378833	-0.367458	0.695854	0.617059
16559	7.120542	-3.075389	6.067739	-0.589836	-0.048871	-1.637237	0.650963	-0.280058	0.705560	0.668867	0.651142	-0.358651	-0.358977	0.705394	0.611191
16560	7.463611	-3.802892	6.862658	-0.453202	0.086860	-1.270294	0.629990	-0.302294	0.715354	0.693186	0.634199	-0.342469	-0.350150	0.711625	0.609085
16561	6.785859	-3.962453	6.871758	-0.657848	-0.151541	-1.077966	0.609482	-0.316739	0.726779	0.715636	0.614299	-0.332418	-0.341170	0.722712	0.601074
16562	6.749729	-3.132110	5.737255	-0.608238	-0.358037	-0.901630	0.589874	-0.324181	0.739564	0.734388	0.596178	-0.324416	-0.335742	0.734492	0.589744
16563	6.986261	-2.945001	5.951483	-0.557854	-0.181968	-1.155210	0.566646	-0.338067	0.751414	0.755740	0.576582	-0.310499	-0.328283	0.743817	0.582209
16564	7.909347	-3.450472	6.390243	-0.617242	-0.308787	-1.358129	0.537843	-0.351822	0.766124	0.779513	0.553634	-0.293000	-0.321069	0.754792	0.572018
16565	8.227737	-3.025345	6.428917	-0.783673	-0.465737	-1.018075	0.513737	-0.357099	0.780099	0.799197	0.529872	-0.283760	-0.312022	0.769231	0.557607
16566	8.338733	-2.017955	5.616639	-0.731922	-0.502274	-1.120958	0.486876	-0.362219	0.794826	0.818923	0.505825	-0.271121	-0.303837	0.782904	0.542904
16567	8.208595	-2.336227	5.333467	-0.626485	-0.365809	-1.115285	0.460773	-0.369116	0.807120	0.836861	0.483540	-0.256617	-0.295553	0.793689	0.531701
16568	8.374333	-2.728213	5.537343	-0.675803	-0.370990	-1.005260	0.436531	-0.373875	0.818326	0.853099	0.460915	-0.244499	-0.285767	0.804844	0.520156
16569	8.177890	-2.800581	5.307990	-0.705338	-0.639200	-0.921813	0.411837	-0.371574	0.832060	0.867918	0.438187	-0.233903	-0.277685	0.818489	0.502957
16570	7.878280	-1.955369	4.785360	-0.842854	-0.610215	-1.029888	0.384724	-0.370250	0.845519	0.883975	0.411437	-0.222055	-0.265662	0.832847	0.485582
16571	8.442552	-1.827184	4.798112	-0.937676	-0.543555	-1.235981	0.353187	-0.371431	0.858661	0.901480	0.380556	-0.206183	-0.250186	0.846886	0.469245
16572	8.601006	-1.768108	4.584629	-1.047380	-0.502153	-1.131730	0.323936	-0.371362	0.870147	0.917435	0.347910	-0.193058	-0.231038	0.860842	0.453401
16573	8.302538	-1.411387	4.035928	-0.900505	-0.492772	-0.865836	0.300746	-0.368197	0.879763	0.929285	0.320546	-0.183520	-0.214433	0.872743	0.438563
16574	8.596969	-1.754056	4.328057	-0.749640	-0.498797	-0.737384	0.280530	-0.363179	0.888484	0.938596	0.297490	-0.174750	-0.200850	0.882950	0.424333
16575	8.556071	-1.751528	4.255012	-0.752595	-0.487186	-0.711729	0.260977	-0.357674	0.896638	0.947119	0.274506	-0.166168	-0.186698	0.892589	0.410400
16576	8.704198	-1.677465	4.405213	-0.903384	-0.369166	-0.687967	0.242511	-0.354109	0.903214	0.955523	0.248235	-0.159235	-0.167823	0.901657	0.398559
16577	8.774128	-1.953005	4.287516	-1.033511	-0.376610	-0.661679	0.224635	-0.349657	0.909549	0.963517	0.219085	-0.153741	-0.145511	0.910902	0.386115
16578	8.698536	-1.851494	3.634651	-0.805961	-0.293287	-0.680053	0.206767	-0.346655	0.914919	0.969994	0.194881	-0.145375	-0.127905	0.917525	0.376548
16579	8.455053	-1.481396	3.024040	-0.581230	-0.203387	-0.794469	0.186501	-0.345817	0.919580	0.975688	0.174860	-0.132122	-0.115108	0.921865	0.370021
16580	8.830469	-1.066211	3.888335	-0.580417	-0.279658	-0.714735	0.167924	-0.342459	0.924404	0.980460	0.155488	-0.120504	-0.102466	0.926577	0.361877
16581	9.030365	-1.875129	4.846237	-1.173335	-0.437810	-0.683278	0.149540	-0.334826	0.930338	0.985856	0.122497	-0.114378	-0.075667	0.934284	0.348409
16582	9.338532	-2.052235	3.155814	-1.663120	-0.567167	-0.780918	0.128602	-0.323652	0.937396	0.991010	0.077099	-0.109337	-0.036885	0.943030	0.330658
16583	8.016271	-0.113858	0.812862	-0.424373	-0.497210	-0.685714	0.110873	-0.313206	0.943191	0.993436	0.061815	-0.096253	-0.028157	0.947671	0.318004
16584	8.689231	-0.731680	2.654452	0.356733	-0.217015	-0.456139	0.099412	-0.308856	0.945899	0.994328	0.066952	-0.082640	-0.037806	0.948750	0.313760
16585	8.874842	-1.335873	3.666033	0.379693	0.057040	-0.854690	0.078311	-0.311774	0.946923	0.995796	0.069724	-0.059396	-0.047505	0.947594	0.315924
16586	9.548210	-0.481951	4.453494	-0.014603	0.312257	-0.966485	0.054569	-0.320885	0.945545	0.997401	0.062141	-0.036474	-0.047053	0.945077	0.323442
16587	9.351217	-1.179911	3.487063	-0.660748	-0.243746	-0.524366	0.040864	-0.315896	0.947913	0.998680	0.042451	-0.028906	-0.031108	0.947844	0.317214
16588	8.724554	-0.416479	1.403417	0.066769	-0.223980	-0.540445	0.027117	-0.311220	0.949951	0.999080	0.040021	-0.015408	-0.033223	0.949495	0.312019
16589	9.273415	-0.220001	2.738183	0.480340	-0.070868	-0.310586	0.019415	-0.309925	0.950563	0.998779	0.049201	-0.004358	-0.045418	0.949487	0.310501
16590	9.256436	-0.539393	4.010210	0.191567	0.028943	-0.427049	0.008803	-0.311204	0.950302	0.998690	0.050636	0.007331	-0.050401	0.948993	0.311243
16591	9.181178	-0.174654	2.768363	-0.350196	0.088193	-0.348577	-0.000007	-0.313751	0.949505	0.999125	0.039709	0.013129	-0.041823	0.948675	0.313476
16592	8.972492	1.088787	1.397594	-0.214498	-0.154527	-0.160474	-0.004350	-0.310265	0.950640	0.999322	0.033402	0.015475	-0.036555	0.950063	0.309909
16593	8.481528	1.389293	1.272406	0.469851	-0.257142	0.042036	-0.003481	-0.304110	0.952631	0.998828	0.044932	0.017993	-0.048275	0.951577	0.303597
16594	8.620093	0.482826	2.810082	0.632842	-0.212289	0.161779	0.000424	-0.298820	0.954309	0.997948	0.061223	0.018727	-0.064022	0.952343	0.298233
16595	8.368965	0.715211	3.512106	0.489123	0.147896	-0.119644	-0.002145	-0.302549	0.953131	0.997083	0.072078	0.025123	-0.076301	0.950404	0.301512
16596	8.913878	0.598015	4.133641	-0.185931	0.239063	-0.038165	-0.002775	-0.308313	0.951281	0.997421	0.067379	0.024747	-0.071726	0.948896	0.307330
16597	9.492574	0.758521	2.740220	-0.323262	0.029047	-0.168961	-0.007145	-0.309311	0.950934	0.997939	0.058438	0.026506	-0.063769	0.949164	0.308256
16598	9.162429	1.844287	2.031924	0.114869	-0.297580	-0.097188	-0.010118	-0.302412	0.953124	0.997726	0.060471	0.029778	-0.066641	0.951257	0.301112
16599	8.787713	1.619877	2.162846	0.199365	-0.406591	0.139109	-0.007397	-0.292502	0.956236	0.997414	0.066212	0.027969	-0.071495	0.953970	0.291256
16600	8.537186	0.718415	2.273527	0.029363	-0.226821	-0.045812	-0.009040	-0.287185	0.957832	0.997347	0.066601	0.029382	-0.072231	0.955557	0.285821
16601	8.457740	0.989533	1.341692	-0.132513	-0.089120	-0.158040	-0.013281	-0.285348	0.958332	0.997528	0.062356	0.032391	-0.069000	0.956393	0.283815
16602	8.839214	1.269408	2.187541	0.087958	0.006335	0.164074	-0.009219	-0.285228	0.958415	0.997423	0.065580	0.029111	-0.071156	0.956214	0.283888
16603	8.416251	0.457365	2.428787	0.117781	-0.034874	0.296414	-0.001928	-0.283863	0.958863	0.997257	0.070403	0.022848	-0.073992	0.956277	0.282949
16604	8.931451	-0.275436	3.089706	0.362324	-0.028214	0.196912	0.002993	-0.282796	0.959176	0.996548	0.080426	0.020602	-0.082969	0.955802	0.282060
16605	9.906816	-0.360676	3.976831	0.283888	-0.005220	-0.033192	0.002198	-0.282750	0.959191	0.995932	0.087027	0.023372	-0.090084	0.955237	0.281791
16606	9.825860	-0.199569	2.930583	0.379625	-0.078424	-0.509209	-0.010578	-0.282090	0.959330	0.994954	0.092752	0.038245	-0.099768	0.954894	0.279686
16607	8.991721	0.304232	1.964759	0.011290	0.091271	-0.491502	-0.022625	-0.285468	0.958121	0.994697	0.089746	0.050228	-0.100326	0.954177	0.281923
16608	8.749360	0.617209	1.698868	-0.313420	0.571775	-0.369151	-0.030552	-0.299932	0.953471	0.995188	0.079721	0.056966	-0.093098	0.950624	0.296053
16609	9.208924	2.142358	2.213052	0.156895	0.660101	-0.121344	-0.031918	-0.315841	0.948275	0.994714	0.082604	0.060994	-0.097596	0.945210	0.311535
16610	9.950760	1.419745	4.321029	0.678792	0.413584	-0.093884	-0.032886	-0.325798	0.944867	0.992837	0.097999	0.068347	-0.114863	0.940347	0.320241
16611	9.682605	0.674251	4.111525	0.517686	0.206024	-0.014799	-0.032460	-0.330667	0.943189	0.991255	0.110116	0.072719	-0.127906	0.937301	0.324201
16612	9.130636	0.934666	2.799597	0.032177	0.119199	0.202350	-0.027116	-0.332888	0.942576	0.991308	0.112478	0.068242	-0.128736	0.936234	0.326945
16613	8.608722	1.361496	1.991446	0.405661	0.480542	-0.076373	-0.027240	-0.344330	0.938453	0.989894	0.121410	0.073280	-0.139170	0.930965	0.337543
16614	9.629113	0.514210	3.679373	0.702141	0.485860	-0.275739	-0.031969	-0.356493	0.933751	0.987077	0.135512	0.085531	-0.157026	0.924418	0.347554
16615	9.652615	0.853051	4.229032	0.256692	0.213325	-0.100585	-0.033535	-0.361779	0.931661	0.985956	0.140620	0.090094	-0.163604	0.921598	0.351982
16616	8.791206	1.224059	2.967401	-0.258165	0.227996	0.064631	-0.031184	-0.366832	0.929764	0.987038	0.135209	0.086450	-0.157425	0.920409	0.357861
16617	8.719538	1.141068	2.831887	0.463328	0.255113	0.067450	-0.028332	-0.372436	0.927625	0.985202	0.146525	0.088920	-0.169038	0.916418	0.362773
16618	10.157435	0.324521	4.742923	0.921191	-0.075914	-0.202737	-0.033355	-0.371481	0.927841	0.980880	0.165929	0.101694	-0.191733	0.913493	0.358844
16619	9.624520	1.215116	4.013330	0.393067	-0.095755	0.038875	-0.032799	-0.369125	0.928801	0.978981	0.175300	0.104239	-0.201296	0.912697	0.355617
16620	8.936871	1.349910	3.009264	-0.094699	-0.033784	0.317794	-0.025318	-0.366957	0.929893	0.979703	0.175920	0.096096	-0.198850	0.913452	0.355055
16621	9.332952	0.740648	3.536252	-0.002412	-0.092549	0.223762	-0.020395	-0.363858	0.931231	0.979853	0.177815	0.090937	-0.198675	0.914325	0.352900
16622	9.208941	0.782934	3.671557	0.137461	-0.076247	0.147844	-0.017190	-0.361452	0.932232	0.979240	0.182256	0.088723	-0.201974	0.914404	0.350815
16623	9.144399	1.055504	2.982275	-0.032698	-0.128599	0.337988	-0.009680	-0.356956	0.934071	0.979539	0.184399	0.080620	-0.201019	0.915740	0.347868
16624	8.819376	0.655920	2.299398	-0.521548	0.076150	0.776922	0.009434	-0.355147	0.934763	0.982136	0.178984	0.058090	-0.187938	0.917516	0.350491
16625	10.024910	0.334912	4.531210	0.100645	-0.088988	0.455340	0.020129	-0.351002	0.936159	0.981523	0.185145	0.048313	-0.190283	0.917889	0.348243
16626	9.186491	0.551619	3.779103	-0.138852	-0.256780	0.330383	0.026849	-0.343581	0.938739	0.982008	0.184661	0.039499	-0.186920	0.920789	0.342357
16627	9.417325	0.472161	2.948334	0.283883	0.159128	0.092825	0.029943	-0.346796	0.937463	0.980591	0.191999	0.039705	-0.193762	0.918079	0.345814
16628	9.325818	0.170057	2.957873	0.454829	0.495807	0.026447	0.033235	-0.357982	0.933137	0.978297	0.202713	0.042924	-0.204524	0.911458	0.356950
16629	10.341100	0.814299	4.430858	-0.362853	1.057855	0.066354	0.040046	-0.381680	0.923427	0.980050	0.195060	0.038123	-0.194674	0.903478	0.381877
16630	10.214063	0.448277	4.673531	-1.708824	0.490105	0.236034	0.047240	-0.391847	0.918817	0.987243	0.158333	0.016766	-0.152049	0.906304	0.394328
16631	8.329600	-0.227585	3.163589	-0.286119	-0.035859	-0.088865	0.044711	-0.391438	0.919118	0.988407	0.150958	0.016208	-0.145092	0.907738	0.393650
16632	10.336023	0.526973	4.121355	0.193580	0.155019	0.023876	0.045896	-0.394872	0.917589	0.987663	0.155607	0.017562	-0.149718	0.905463	0.397142
16633	10.078538	0.283350	4.010950	0.862686	0.322600	0.006709	0.047679	-0.402082	0.914361	0.984181	0.175283	0.025759	-0.170629	0.898669	0.404079
16634	6.845755	-0.918669	2.029131	0.917733	0.468200	-0.457276	0.038956	-0.414649	0.909147	0.980450	0.191481	0.045320	-0.192876	0.889608	0.414001
16635	7.942428	0.218673	6.729823	-0.934052	0.343324	-0.594261	0.025506	-0.425094	0.904790	0.985127	0.164536	0.049533	-0.169927	0.890069	0.422968
16636	9.770363	0.617676	5.050244	-1.058455	0.479699	-0.453331	0.015751	-0.437610	0.899027	0.989485	0.136110	0.048917	-0.143773	0.888804	0.435152
16637	9.449747	0.633320	5.071625	-1.318696	0.490538	-0.124988	0.013649	-0.448985	0.893435	0.993728	0.105267	0.037719	-0.110984	0.887317	0.447606
16638	8.096604	-0.190272	3.639727	-1.177147	0.294903	-0.094064	0.011485	-0.455823	0.889996	0.996593	0.077918	0.027046	-0.081675	0.886653	0.455165
16639	7.938205	-0.442454	4.418715	-0.735002	0.280874	-0.316498	0.003757	-0.462664	0.886526	0.997977	0.057996	0.026037	-0.063461	0.884635	0.461946
